   # SYM binstart            G            K             HS          f
   0 NEG  -10.400      20.5732       0.0001              0          0
   1 ---  -10.000      20.5732       0.0001              0          0
   2 ---   -9.600      20.5732       0.0001              0          0
   3 ---   -9.200      20.5732       0.0001              0          0
   4 ---   -8.800      20.5732       0.0001              0          0
   5 ---   -8.400      20.5732       0.0001              0          0
   6 ---   -8.000      20.5732       0.0001              0          0
   7 ---   -7.600      19.5793  0.000270176          38187          0
   8 ---   -7.200       16.302   0.00716074          98934          0
   9 ---   -6.800      14.2045    0.0583322         116465          0
  10 ---   -6.400      12.6407     0.278622         118168          0
  11 ---   -6.000      11.4195     0.944879         116975          0
  12 ---   -5.600      10.5016      2.36604         119309          0
  13 ---   -5.200      9.69299      5.31142         121066          0
  14 ---   -4.800      8.95067      11.1583         125852          0
  15 ---   -4.400      8.31885       20.989         124452          0
  16 ---   -4.000      7.74451      37.2756         118041          0
  17 ---   -3.600      6.60794      116.153          27120          0
  18 ---   -3.200      6.47064      133.248          38391          0
  19 ---   -2.800      6.12574      188.125          37852          0
  20 ---   -2.400       6.2898      159.661          83990          0
  21 ---   -2.000      6.01092      211.015          88555          0
  22 ---   -1.600      5.77534      267.069         139078          0
  23 ---   -1.200      5.50171      351.125         141072          0
  24 ---   -0.800      5.23578       458.09         142789          0
  25 ---   -0.400      4.91803      629.432         150575          0
  26 ---    0.000      4.47559      979.711         155158          0
  27 ---    0.400      4.35449      1105.84         156919          0
  28 ---    0.800      4.13689      1374.66         120791          0
  29 ---    1.200      3.93168      1687.78         166880          0
  30 ---    1.600      3.72093      2083.74         120434          0
  31 ---    2.000      3.54808      2476.91         172652          0
  32 ---    2.400      3.40893       2846.7         110893          0
  33 ---    2.800      3.25594      3317.29         120192          0
  34 ---    3.200      3.06314       4022.7         186205          0
  35 ---    3.600      2.87162      4871.87         121701          0
  36 ---    4.000      2.65328       6060.6         106254          3
  37 ---    4.400      2.49357      7110.19         109290         48
  38 ---    4.800      2.34562      8243.93         113187         41
  39 ---    5.200      2.24174      9146.32         110782        110
  40 ---    5.600      2.13642      10162.2         112120        111
  41 ---    6.000      1.98296      11847.7         115173        227
  42 ---    6.400      1.89046      12995.9         111869        216
  43 ---    6.800       1.8096      14090.4         123095        127
  44 ---    7.200       1.7408      15093.9         118184        262
  45 ---    7.600      1.67928      16051.6         118152        356
  46 ---    8.000      1.55982      18088.5         116364        255
  47 ---    8.400      1.47607      19668.6         118279        402
  48 ---    8.800      1.38019      21647.9         119177        474
  49 ---    9.200      1.30307      23383.4         112044        498
  50 ---    9.600       1.2251      25279.4         115418        652
  51 ---   10.000      1.14883      27282.9         115569        575
  52 ---   10.400       1.0793      29247.5         117884        550
  53 ---   10.800      1.05571      29945.5         115010        602
  54 ---   11.200     0.995155        31815         114615        412
  55 ---   11.600     0.950578      33265.4         121218        444
  56 ---   12.000     0.933698      33831.6         121231        283
  57 ---   12.400     0.884116      35551.3         122563        308
  58 ---   12.800     0.840429      37138.9         120832        328
  59 ---   13.200     0.792741      38952.9         125318        435
  60 ---   13.600     0.742363      40965.5         122918        440
  61 ---   14.000     0.703347      42595.4         124448        324
  62 ---   14.400     0.661588      44411.8         122062        413
  63 ---   14.800     0.595014      47469.2         116808        422
  64 ---   15.200     0.533952        50458         117726        418
  65 ---   15.600     0.485208      52978.5         119610        259
  66 ---   16.000     0.499768      52212.7         115535        145
  67 ---   16.400     0.460271      54316.2         115356        149
  68 ---   16.800     0.407533      57257.6         116147        177
  69 ---   17.200     0.389775      58283.5         119616        237
  70 ---   17.600     0.366331      59666.1         116627        318
  71 ---   18.000     0.323691      62265.3         118793        209
  72 ---   18.400     0.295105      64070.8         118273        242
  73 ---   18.800     0.288682      64483.7         118982        155
  74 ---   19.200     0.244771      67378.3         115902        103
  75 ---   19.600     0.227863      68527.2         121306        174
  76 ---   20.000     0.213566        69514         120088        173
  77 ---   20.400     0.166761      72844.9         116751        200
  78 ---   20.800     0.144751        74466         117821        256
  79 ---   21.200    0.0866918      78917.5         119717        476
  80 ---   21.600    0.0737099      79948.6         119832        263
  81 ---   22.000    0.0654013      80615.7         118807        308
  82 ---   22.400    0.0811236      79358.1         118355        538
  83 ---   22.800    0.0452588      82255.9         116148        341
  84 ---   23.200   0.00434393      85691.2         119300        397
  85 ---   23.600    0.0167439      84635.2         118585        638
  86 ---   24.000   0.00662503        85496         117104        547
  87 ---   24.400  -0.00879016      86824.1         116857        731
  88 ---   24.800   -0.0178766      87616.6         116415        763
  89 ---   25.200   -0.0258786      88320.6         117923        610
  90 ---   25.600   -0.0513414      90598.3         120891        443
  91 ---   26.000   -0.0506619      90536.8         123075        251
  92 ---   26.400   -0.0245754      88205.5         119236        166
  93 ---   26.800   -0.0501843      90493.5         122021        167
  94 ---   27.200   -0.0520843      90665.7         120636         61
  95 ---   27.600   -0.0626802      91631.4         118463         34
  96 ---   28.000   -0.0617719      91548.3         116124        119
  97 ---   28.400   -0.0752455      92790.1         119930        123
  98 ---   28.800   -0.0833698        93547         120004        220
  99 ---   29.200   -0.0878737      93969.3         119621        220
 100 ---   29.600     -0.10108      95218.5         116986         51
 101 POS   30.000     -4.10175 5.20224e+006         156877          0
---Column end---
binstart -10
binend 30
binnum 100
counter 20000
HHR 100000
