   # SYM binstart            G            K             HS          f
   0 NEG  -10.400      24.2032       0.0001              0          0
   1 ---  -10.000       9.8599      169.513          16019      10000
   2 ---   -9.600      8.32686      785.229        2954406          0
   3 ---   -9.200      4.69561        29650        3290979          0
   4 ---   -8.800      2.41352       290486        3336882          0
   5 ---   -8.400     0.891876 1.33035e+006        3285441          0
   6 ---   -8.000    -0.169735 3.84609e+006        3131240          0
   7 ---   -7.600    -0.959143 8.46944e+006        3180785          0
   8 ---   -7.200      -1.5643 1.55121e+007        3228280          0
   9 ---   -6.800      -1.9997 2.39753e+007        3311766          0
  10 ---   -6.400     -2.31824 3.29688e+007        3365086          0
  11 ---   -6.000     -2.50839 3.98735e+007        3359990          0
  12 ---   -5.600     -2.59905 4.36574e+007        3277974          0
  13 ---   -5.200      -2.5645 4.21746e+007        3225973          0
  14 ---   -4.800      -2.4152 3.63254e+007        3204420          0
  15 ---   -4.400     -2.19042  2.9013e+007        3188802          0
  16 ---   -4.000      -1.8714 2.10884e+007        3208933          0
  17 ---   -3.600     -1.45106 1.38513e+007        3231981          0
  18 ---   -3.200    -0.975171 8.60628e+006        3265363          0
  19 ---   -2.800    -0.424622 4.96267e+006        3282684          0
  20 ---   -2.400     0.205751 2.64209e+006        3286037          0
  21 ---   -2.000     0.878582 1.34816e+006        3455787          0
  22 ---   -1.600       1.6134       646568        3406840          0
  23 ---   -1.200      2.45382       279012        3384119          0
  24 ---   -0.800      3.36095       112632        3359846          0
  25 ---   -0.400      4.39318      40120.7        3316168          0
  26 ---    0.000      5.64421        11483        3315590          0
  27 ---    0.400      7.20336      2415.03        3268361          0
  28 ---    0.800      11.0436      51.8962        3184696          0
  29 ---    1.200      15.7215      0.48253        2441113          0
  30 ---    1.600       16.529     0.215204        1139595          0
  31 ---    2.000      17.0772      0.12438         397541          0
  32 ---    2.400      17.3175    0.0978119         300483          0
  33 ---    2.800      17.8449    0.0577259         289707          0
  34 ---    3.200      18.3433    0.0350665         344899          0
  35 ---    3.600      18.6708    0.0252748         441384          0
  36 ---    4.000      18.8069    0.0220588         551339          0
  37 ---    4.400      18.8701    0.0207069         670136          0
  38 ---    4.800       18.846    0.0212128         718107          0
  39 ---    5.200        18.79    0.0224338         749860          0
  40 ---    5.600      18.8005    0.0221996         808033          0
  41 ---    6.000      18.8407    0.0213254         826677          0
  42 ---    6.400      18.8604    0.0209089         736154          0
  43 ---    6.800      18.9278    0.0195464         679532          0
  44 ---    7.200      18.8407    0.0213242         756974          0
  45 ---    7.600      18.5317    0.0290455         776409          0
  46 ---    8.000      18.4607    0.0311849         741053          0
  47 ---    8.400      18.3103    0.0362444         736197          0
  48 ---    8.800      18.3964     0.033254         710748          0
  49 ---    9.200      18.4811    0.0305525         606200          0
  50 ---    9.600      18.5789    0.0277078         510841          0
  51 ---   10.000      18.5782    0.0277261         517618          0
  52 ---   10.400      18.3569    0.0345927         491611          0
  53 ---   10.800      18.1957    0.0406461         493658          0
  54 ---   11.200      18.2108     0.040038         473461          0
  55 ---   11.600      18.2182    0.0397424         413774          0
  56 ---   12.000      18.1434    0.0428293         370550          0
  57 ---   12.400      18.1608    0.0420879         338805          0
  58 ---   12.800      18.1144    0.0440892         313172          0
  59 ---   13.200      18.0563    0.0467237         339577          0
  60 ---   13.600       17.911    0.0540301         346384          0
  61 ---   14.000      17.9283    0.0531074         324736          0
  62 ---   14.400      18.0356    0.0477046         288701          0
  63 ---   14.800      18.0312    0.0479121         295063          0
  64 ---   15.200      17.8668    0.0564729         295133          0
  65 ---   15.600      17.8342    0.0583446         294446          0
  66 ---   16.000      17.7127    0.0658808         322953          0
  67 ---   16.400      17.6592    0.0695014         338669          0
  68 ---   16.800      17.6552    0.0697811         363614          0
  69 ---   17.200      17.6684    0.0688708         353090          0
  70 ---   17.600      17.6363    0.0711148         323598          0
  71 ---   18.000      17.4845    0.0827726         297628          0
  72 ---   18.400      17.6343    0.0712579         289590          0
  73 ---   18.800      17.6593    0.0695007         312426          0
  74 ---   19.200      17.6198    0.0722988         316327          0
  75 ---   19.600      17.6577    0.0696112         319893          0
  76 ---   20.000      17.5361    0.0786066         353609          0
  77 ---   20.400      17.5523     0.077343         316962          0
  78 ---   20.800      17.4314    0.0872893         292678          0
  79 ---   21.200      17.5649    0.0763758         249207          0
  80 ---   21.600      17.6223    0.0721141         233453          0
  81 ---   22.000      17.7016    0.0666202         216892          0
  82 ---   22.400      17.7354    0.0644025         211882          0
  83 ---   22.800        17.78    0.0615955         207358          0
  84 ---   23.200      17.6972    0.0669101         206557          0
  85 ---   23.600      17.7072    0.0662444         200067          0
  86 ---   24.000      17.6967    0.0669464         199126          0
  87 ---   24.400      17.8099     0.059782         196704          0
  88 ---   24.800      17.9403      0.05247         191468          0
  89 ---   25.200       17.938    0.0525921         191000          0
  90 ---   25.600      17.9295    0.0530437         192054          0
  91 ---   26.000      17.9839    0.0502343         190170          0
  92 ---   26.400      18.0061     0.049133         191038          0
  93 ---   26.800      18.2942    0.0368311         182072          0
  94 ---   27.200      18.3866    0.0335803         178687          0
  95 ---   27.600       18.445    0.0316785         179335          0
  96 ---   28.000      18.5658    0.0280727         175925          0
  97 ---   28.400      18.6776     0.025102         171100          0
  98 ---   28.800      18.9523    0.0190733         163185          0
  99 ---   29.200      18.9135     0.019827         167972          0
 100 ---   29.600      18.9561    0.0190018         167834          0
 101 POS   30.000      16.5852     0.203447         281758          0
---Column end---
binstart -10
binend 30
binnum 100
counter 10000
HHR 100000
