   # SYM binstart            G            K             HS          f
   0 NEG  -10.400      23.8327       0.0001              0          0
   1 ---  -10.000      11.9762      14.0986           6979          0
   2 ---   -9.600      9.40305      184.799        2372846          0
   3 ---   -9.200      5.53114      8876.68        2419057          0
   4 ---   -8.800      3.05299       105803        2219985          0
   5 ---   -8.400      1.39526       555183        2249779          0
   6 ---   -8.000     0.219804 1.79859e+006        2231411          0
   7 ---   -7.600    -0.642444 4.25993e+006        2231201          0
   8 ---   -7.200     -1.29862 8.21063e+006        2236573          0
   9 ---   -6.800     -1.76171 1.30464e+007        2247420          0
  10 ---   -6.400     -2.11222 1.85234e+007        2241645          0
  11 ---   -6.000     -2.34574 2.33956e+007        2242015          0
  12 ---   -5.600     -2.46006 2.62292e+007        2267892          0
  13 ---   -5.200     -2.49299 2.71073e+007        2272385          0
  14 ---   -4.800     -2.44835 2.59238e+007        2269308          0
  15 ---   -4.400     -2.30837 2.25374e+007        2262799          0
  16 ---   -4.000     -2.09009 1.81178e+007        2250921        260
  17 ---   -3.600     -1.80932 1.36827e+007        2226484        465
  18 ---   -3.200     -1.44812 9.53461e+006        2224594        582
  19 ---   -2.800     -1.05543 6.43813e+006        2213547        482
  20 ---   -2.400    -0.587173 4.03087e+006        2200669        614
  21 ---   -2.000   -0.0743996 2.41381e+006        2184935        743
  22 ---   -1.600     0.503087 1.35489e+006        2219421        615
  23 ---   -1.200        1.155       705964        2196732        913
  24 ---   -0.800      1.90435       333690        2193209       1072
  25 ---   -0.400      2.81679       133992        2324576        911
  26 ---    0.000       3.9501      43140.5        2284159        127
  27 ---    0.400      5.44575      9667.97        2265493         76
  28 ---    0.800      9.04362      264.727        2231873        243
  29 ---    1.200      13.1085      4.54416        2260960        905
  30 ---    1.600      12.6035      7.52947        2271639        972
  31 ---    2.000      12.3034      10.1648        2269139       1202
  32 ---    2.400      12.2494      10.7291        2253984       1140
  33 ---    2.800      12.4401      8.86558        2260804       1110
  34 ---    3.200      12.6994      6.84105        2246115       1089
  35 ---    3.600      12.8289      6.00979        2257996       1268
  36 ---    4.000      12.8089      6.13108        2256687       1092
  37 ---    4.400      12.7011      6.82927        2260470       1319
  38 ---    4.800      12.5627      7.84331        2261694       1268
  39 ---    5.200      12.4158      9.08431        2254628       1036
  40 ---    5.600      12.2752      10.4552        2251825       1178
  41 ---    6.000      12.1372      12.0029        2240436        941
  42 ---    6.400      12.0036      13.7184        2251652        946
  43 ---    6.800      11.8801      15.5206        2253957       1072
  44 ---    7.200      11.7714      17.3045        2255253       1084
  45 ---    7.600      11.6583      19.3757        2251404       1186
  46 ---    8.000      11.5561      21.4612        2261235        883
  47 ---    8.400      11.4555      23.7322        2252486       1028
  48 ---    8.800      11.3621      26.0564        2250280       1199
  49 ---    9.200      11.2746      28.4381        2257800       1227
  50 ---    9.600      11.1839      31.1365        2249634       1294
  51 ---   10.000      11.1041      33.7238        2250435        992
  52 ---   10.400      11.0259      36.4661        2263805       1292
  53 ---   10.800      10.9532       39.217        2261584       1308
  54 ---   11.200      10.8742      42.4395        2262450       1156
  55 ---   11.600      10.8095       45.276        2265340       1332
  56 ---   12.000      10.7397      48.5494        2268425       1274
  57 ---   12.400      10.6747      51.8107        2264973       1193
  58 ---   12.800      10.6145      55.0242        2261387       1083
  59 ---   13.200       10.548      58.8087        2270232        874
  60 ---   13.600      10.4877      62.4672        2264749       1108
  61 ---   14.000      10.4306      66.1396        2261863       1064
  62 ---   14.400      10.3774      69.7536        2261953       1127
  63 ---   14.800       10.323      73.6523        2261150       1150
  64 ---   15.200      10.2705      77.6198        2259254       1021
  65 ---   15.600      10.2234      81.3614        2260344       1125
  66 ---   16.000      10.1727      85.5963        2267589        919
  67 ---   16.400      10.1241      89.8598        2255350        854
  68 ---   16.800      10.0796      93.9491        2254673        870
  69 ---   17.200      10.0313      98.5906        2262116       1126
  70 ---   17.600      9.98731      103.029        2271349        788
  71 ---   18.000      9.94167       107.84        2265290       1039
  72 ---   18.400      9.90109      112.306        2260988        988
  73 ---   18.800      9.86293      116.674        2266611       1007
  74 ---   19.200      9.81914      121.897        2269690        888
  75 ---   19.600      9.78438      126.208        2268247        915
  76 ---   20.000       9.7487      130.794        2260803        866
  77 ---   20.400      9.71032       135.91        2263424        992
  78 ---   20.800      9.67308      141.067        2268115        854
  79 ---   21.200      9.64416      145.207        2263438        865
  80 ---   21.600      9.60656       150.77        2263100        826
  81 ---   22.000      9.57734      155.241        2272231        954
  82 ---   22.400      9.54292      160.677        2257517        672
  83 ---   22.800      9.51477      165.264        2262245       1029
  84 ---   23.200      9.48418      170.398        2263628       1045
  85 ---   23.600      9.45626      175.223        2262811        809
  86 ---   24.000      9.42686      180.451        2273018        845
  87 ---   24.400      9.39566       186.17        2273447        791
  88 ---   24.800      9.36947      191.109        2274215        806
  89 ---   25.200      9.34436      195.969        2271524        817
  90 ---   25.600      9.31691      201.423        2272158        925
  91 ---   26.000      9.29485      205.915        2278153       1104
  92 ---   26.400      9.26696      211.739        2283646       1166
  93 ---   26.800      9.23966        217.6        2275973       1202
  94 ---   27.200      9.21496      223.042        2278704       1005
  95 ---   27.600      9.19817      226.818        2284741        987
  96 ---   28.000      9.17615      231.867        2284438        995
  97 ---   28.400      9.15305      237.286        2286974        729
  98 ---   28.800      9.12897       243.07        2285880        580
  99 ---   29.200      9.10766      248.305        2282778        564
 100 ---   29.600      9.08317      254.461        2286931        537
 101 POS   30.000      3.86109      47156.7        2572275          0
---Column end---
binstart -10
binend 30
binnum 100
counter 80000
HHR 100000
