   # SYM binstart            G            K             HS          f
   0 NEG  -10.050       22.984       0.0001              0          0
   1 ---  -10.000       22.984       0.0001              0          0
   2 ---   -9.950      7.65332          455            455          0
   3 ---   -9.900       22.984       0.0001              0          0
   4 ---   -9.850       22.984       0.0001              0          0
   5 ---   -9.800       22.984       0.0001              0          0
   6 ---   -9.750       22.984       0.0001              0          0
   7 ---   -9.700       22.984       0.0001              0          0
   8 ---   -9.650       22.984       0.0001              0          0
   9 ---   -9.600       22.984       0.0001              0          0
  10 ---   -9.550       22.984       0.0001              0          0
  11 ---   -9.500       22.984       0.0001              0          0
  12 ---   -9.450       22.984       0.0001              0          0
  13 ---   -9.400       22.984       0.0001              0          0
  14 ---   -9.350       22.984       0.0001              0          0
  15 ---   -9.300       22.984       0.0001              0          0
  16 ---   -9.250       22.984       0.0001              0          0
  17 ---   -9.200       22.984       0.0001              0          0
  18 ---   -9.150       22.984       0.0001              0          0
  19 ---   -9.100       22.984       0.0001              0          0
  20 ---   -9.050       22.984       0.0001              0          0
  21 ---   -9.000       22.984       0.0001              0          0
  22 ---   -8.950       22.984       0.0001              0          0
  23 ---   -8.900       22.984       0.0001              0          0
  24 ---   -8.850       22.984       0.0001              0          0
  25 ---   -8.800       22.984       0.0001              0          0
  26 ---   -8.750       22.984       0.0001              0          0
  27 ---   -8.700       22.984       0.0001              0          0
  28 ---   -8.650      22.9829  0.000100104            544          0
  29 ---   -8.600      22.9816  0.000100235           1272          0
  30 ---   -8.550      22.9563  0.000102806          13217          0
  31 ---   -8.500      22.0827  0.000246269          24736          0
  32 ---   -8.450      21.1489  0.000626574          33251          0
  33 ---   -8.400      22.1514  0.000229923         351702          0
  34 ---   -8.350      20.0296   0.00191887          98683          0
  35 ---   -8.300      20.4042   0.00131941         451330          0
  36 ---   -8.250      19.8453   0.00230719         836122          0
  37 ---   -8.200      19.0874   0.00492308         939087          0
  38 ---   -8.150      18.3519    0.0102722        1006444          0
  39 ---   -8.100      17.7018    0.0196803        1071993          0
  40 ---   -8.050      17.0391    0.0381786         998491          0
  41 ---   -8.000      16.4157    0.0712137        1115070          0
  42 ---   -7.950      15.8258     0.128456        1150228          0
  43 ---   -7.900      15.3108     0.214991        1141534          0
  44 ---   -7.850      14.7962     0.359658        1148253          0
  45 ---   -7.800      14.3123     0.583526         985663          0
  46 ---   -7.750       13.817     0.957532        1201513          0
  47 ---   -7.700      13.3998       1.4533        1173689          0
  48 ---   -7.650      12.9466      2.28647        1188124          0
  49 ---   -7.600      12.5397       3.4348        1209304          0
  50 ---   -7.550      12.1815      4.91437        1225456          0
  51 ---   -7.500      11.7873      7.28862        1249090          0
  52 ---   -7.450      11.4484      10.2294        1282802          0
  53 ---   -7.400      11.1154      14.2706        1195527          0
  54 ---   -7.350      10.7937      19.6865        1222694          0
  55 ---   -7.300      10.4806      26.9248        1297031          0
  56 ---   -7.250      10.1624      37.0127         905138          0
  57 ---   -7.200      9.88786      48.7039        1273083          0
  58 ---   -7.150      9.62315      63.4642        1274638          0
  59 ---   -7.100      8.46902       201.26         230833          0
  60 ---   -7.050      9.01558      116.518         807588          0
  61 ---   -7.000      8.81131      142.924        1188863          0
  62 ---   -6.950      8.58617      179.011        1243960          0
  63 ---   -6.900      7.70544      431.892         304773          0
  64 ---   -6.850       8.1018      290.564        1159998          0
  65 ---   -6.800      7.00743      868.001         225482          0
  66 ---   -6.750      7.65701      453.324        1101455          0
  67 ---   -6.700      7.33427      626.003         683845          0
  68 ---   -6.650      7.23095      694.136        1021651          0
  69 ---   -6.600      7.06448      819.863        1063112          0
  70 ---   -6.550      6.85926      1006.63        1072601          0
  71 ---   -6.500      6.65573      1233.85        1123658          0
  72 ---   -6.450      6.49567      1448.02        1122339          0
  73 ---   -6.400      6.30467      1752.76        1092362          0
  74 ---   -6.350      6.12253      2102.93        1134272          0
  75 ---   -6.300      5.97834      2429.12        1093158          0
  76 ---   -6.250       5.8123      2867.87        1160237          0
  77 ---   -6.200      5.62502      3458.53        1184850          0
  78 ---   -6.150      5.47662      4011.84        1153217          0
  79 ---   -6.100      5.31107      4734.14        1187870          0
  80 ---   -6.050      5.13971      5619.03        1139871          0
  81 ---   -6.000      4.99243       6510.6        1153956          0
  82 ---   -5.950      4.84415       7551.3        1193125          0
  83 ---   -5.900      4.71095      8627.19        1256397          0
  84 ---   -5.850      4.55233      10110.1        1224419          0
  85 ---   -5.800      4.39945      11780.1        1260026          0
  86 ---   -5.750      4.27981      13277.3        1196374          0
  87 ---   -5.700      4.10557      15804.5        1262594          0
  88 ---   -5.650      3.95722      18331.9        1144356          0
  89 ---   -5.600      3.82263      20972.9        1104991          0
  90 ---   -5.550      3.66791      24482.3        1084898          0
  91 ---   -5.500      3.52305      28298.6        1170698          0
  92 ---   -5.450      3.40352      31891.7        1191445          0
  93 ---   -5.400      3.24313        37440        1228995          0
  94 ---   -5.350      3.10037      43185.2        1198331          0
  95 ---   -5.300      2.97181      49109.7        1271946          0
  96 ---   -5.250      2.82819      56694.1        1199478          0
  97 ---   -5.200      2.69503      64769.7        1257105          0
  98 ---   -5.150      2.56514      73753.3        1219752          0
  99 ---   -5.100      2.43342      84137.1        1257587          0
 100 ---   -5.050      2.31837      94395.3        1221652          0
 101 POS   -5.000     -4.61741 9.70782e+007         959716          0
binstart -10
binend -5
binnum 100
counter 0
HHR 100000
