 -53.978078  -20.653504   38.511296
 -56.453665  -19.406360   37.364081
 -57.145416  -19.204820   34.451889
 -59.007800  -19.491610   32.117521
 -60.811522  -20.029420   29.781424
 -61.917715  -19.917905   26.995047
 -63.545123  -19.085380   24.616297
 -66.285474  -19.915147   23.720778
 -68.013530  -22.115067   24.804371
 -68.406177  -24.958028   25.678097
 -66.247494  -27.011384   25.326221
 -63.433346  -28.034354   25.510904
 -60.779062  -26.662961   25.238762
 -58.287226  -25.242518   26.118022
 -56.862056  -23.476757   28.080413
 -57.965460  -20.724298   28.534803
 -59.151394  -18.123157   29.444542
 -61.140082  -18.134476   31.690648
 -62.704144  -18.902528   34.132740
 -63.155951  -20.273918   36.762408
 -61.584203  -21.562034   38.969299
 -59.776755  -23.331698   37.356408
 -57.225372  -24.796762   36.769865
 -55.107770  -26.689554   37.735841
 -52.530598  -26.339580   39.231068
 -49.643212  -26.188965   40.031262
 -47.586993  -25.120833   41.936796
 -45.469945  -25.201758   44.060838
 -43.273781  -27.186119   43.571786
 -41.190208  -28.213760   41.673713
 -39.515526  -29.296631   39.432546
 -41.776080  -30.882216   38.259595
 -44.342524  -32.391106   38.629205
 -47.102347  -32.807607   37.529250
 -50.045698  -32.964830   38.087792
 -52.659058  -32.086083   39.270225
 -54.764027  -30.755987   40.943530
 -55.047885  -27.863659   41.687750
 -54.719035  -25.634448   39.707226
 -54.796793  -23.164535   38.006202
 -53.697980  -21.033426   36.203152
 -52.117503  -18.731679   37.300445
 -49.305295  -18.510916   38.321599
 -46.829922  -20.174794   38.644154
 -44.372091  -21.733255   39.372347
 -41.477815  -22.347053   39.868758
 -38.602195  -21.903369   40.599477
 -37.227051  -19.549885   39.346443
 -35.109215  -17.428395   39.464985
 -33.179231  -16.663855   37.299198
 -32.126130  -14.262838   35.841085
 -31.362650  -11.395024   36.280111
 -31.965036   -8.518908   36.884336
 -31.953766   -5.641227   37.732172
 -33.232428   -2.980065   37.199972
 -35.930377   -3.254748   35.917154
 -38.286977   -2.527260   34.209174
 -41.027660   -2.182285   33.038854
 -41.742931   -1.807921   30.149523
 -42.764539   -0.925580   27.470382
 -41.904464   -0.346255   24.655306
 -39.494173   -1.111940   23.041545
 -38.288231   -1.834742   20.391402
 -38.466792   -2.335830   17.438941
 -38.055022    0.144027   15.801639
 -36.749568    1.689405   13.586330
 -36.430201    2.835609   10.832383
 -37.348677    3.739780    8.123347
 -38.308329    5.439148    5.844922
 -39.124153    8.316414    5.608754
 -41.143542   10.519763    5.868215
 -42.888173   12.269952    4.167303
 -42.760154   12.149673    1.172450
 -41.171632    9.641705    1.604531
 -40.160030    7.065134    2.761225
 -37.780031    7.618421    4.501763
 -36.247670    6.107212    6.591768
 -36.158631    5.117578    9.422439
 -37.588455    4.670462   12.021610
 -38.471273    2.119608   13.330721
 -38.041173    1.284783   13.674353
 -37.591270    0.404050   13.822328
 -37.248473   -0.175039   14.562022
 -36.955023   -0.605498   15.415591
 -36.295561   -1.729872   15.998561
 -36.031490   -2.664098   16.637822
 -35.492999   -3.263728   17.344457
 -34.616356   -3.274392   18.017910
 -33.956027   -3.111156   18.750934
 -33.317230   -2.580695   19.308200
 -32.826305   -2.236808   20.108659
 -32.312287   -2.142833   20.876605
 -31.814658   -2.191642   21.801982
 -31.965859   -2.308143   22.914542
 -32.262147   -2.476230   23.854733
 -32.499978   -2.669985   24.806519
 -32.989125   -3.265266   25.443995
 -32.867510   -5.672588   27.230055
 -33.444481   -7.497208   29.540437
 -30.817401   -8.162460   30.827250
 -29.731072   -8.749472   33.561350
 -29.806222   -9.482603   36.469420
 -30.692422  -11.630356   38.367263
 -32.826785  -13.665437   38.917667
 -35.519293  -14.962898   38.658842
 -37.599197  -17.004607   39.369780
 -40.422371  -17.963834   39.038764
 -42.619293  -19.726168   38.005459
 -45.556701  -20.015537   37.468896
 -48.367017  -20.426477   36.502846
 -51.079730  -20.389405   37.783399
 -53.978078  -20.653504   38.511296
 -37.070534   -0.497817   16.419683 
 -37.721427   -0.663436   17.368407 
 -38.563033   -0.790600   18.019858 
 -39.220954   -1.069404   18.863400 
 -39.400542   -1.418979   19.782939 
 -39.578184   -1.818774   20.682162 
 -39.593497   -2.306979   21.554758 
 -39.345244   -2.471837   22.434519 
 -39.203932   -2.362978   23.471110 
 -39.018700   -1.993809   24.521646 
 -39.132174   -1.555433   25.413246 
 -39.001298   -1.043252   26.262094 
 -39.006232   -0.830532   27.239194 
 -39.422625    0.474427   29.908220 
 -40.516187    0.701792   32.692539 
 -40.048976   -0.446065   35.424596 
 -40.425915   -2.956346   37.023474 
 -40.594108   -5.950765   37.095349 
 -38.890005   -8.257385   37.975994 
 -36.460737   -9.995899   38.252089 
 -34.925815  -12.300790   39.405990 
 -33.826470  -14.107346   41.533854 
 -31.823082  -13.299514   43.615643 
 -28.987847  -12.785942   44.450921 
 -26.733668  -11.177450   45.604796 
 -24.971006   -8.879991   46.388825 
 -24.026232   -6.034375   46.488173 
 -25.361093   -3.370667   46.137730 
 -26.630555   -0.755890   46.880297 
 -28.063831    1.754709   47.681928 
 -29.015488    4.462420   48.555227 
 -30.590672    6.855065   49.446322 
 -32.266718    8.332614   51.448250 
 -32.119644    6.746346   53.990321 
 -34.050161    4.458833   54.191281 
 -33.359124    1.743708   53.118635 
 -33.970163    1.602580   50.184915 
 -35.343009    2.162582   47.576909 
 -37.222299    3.042203   45.410221 
 -38.268035    0.658759   43.918366 
 -37.235362   -1.961275   42.884438 
 -36.920468   -4.306243   41.039997 
 -35.072506   -4.941272   38.763646 
 -33.159347   -5.507240   36.523222 
 -30.835184   -5.561071   34.627076 
 -30.246610   -6.862909   31.989122 
 -29.876704   -5.267582   29.475539 
 -31.336449   -4.600728   26.940889 
 -31.765241   -3.959017   24.041864 
 -34.070364   -4.217001   22.139273 
 -35.577840   -2.486723   20.207006 
 -35.225677   -1.219511   17.510683 
 -35.662943   -1.476680   14.553884 
 -36.239321   -0.817643   11.684483 
 -36.191452   -0.456765    8.706652 
 -36.311838   -1.138944    5.787724 
 -37.894548   -1.202378    3.239979 
 -39.578747   -1.937272    0.868608 
 -41.509515   -1.840889   -1.425483 
 -42.582527   -0.441018   -3.852210 
 -40.920940    0.275715   -6.244997 
 -38.847900    2.329353   -6.941470 
 -35.963835    3.011739   -7.406787 
 -34.362060    2.086466   -9.768605 
 -33.118279   -0.535622  -10.528645 
 -32.749528   -2.918370  -12.313731 
 -32.480997   -3.568186  -15.230171 
 -31.251860   -4.158065  -17.902486 
 -30.691837   -5.869729  -20.301774 
 -29.844022   -8.746374  -20.380018 
 -28.719081  -10.980090  -18.723206 
 -26.680596  -12.347831  -16.998717 
 -25.775232  -13.868831  -14.576554 
 -25.427117  -15.981666  -12.475425 
 -24.155335  -17.137473  -10.016425 
 -22.661553  -17.621782   -7.460245 
 -21.754477  -19.841891   -5.657932 
 -23.361222  -22.364427   -5.423022 
 -25.713559  -21.971759   -7.243001 
 -26.284044  -20.732826   -9.915003 
 -28.156990  -18.470021  -10.524744 
 -29.012394  -16.165475  -12.244438 
 -29.648907  -15.074414  -14.965548 
 -28.568494  -12.469293  -15.988316 
 -27.610504  -10.070080  -14.463183 
 -27.006818   -7.841677  -12.547516 
 -26.280175   -5.519089  -10.793214 
 -26.651524   -2.543091  -10.718812 
 -27.002781   -0.545107  -12.928942 
 -28.153291    1.109335  -15.151360 
 -30.791852    1.675504  -16.461876 
 -33.393175    2.264758  -17.835157 
 -35.752124    3.990472  -18.511374 
 -37.215412    6.419999  -17.533528 
 -39.344590    4.753275  -16.234055 
 -39.814156    2.676408  -14.120732 
 -38.291424    2.163563  -11.587300 
 -37.800539    0.078326   -9.487104 
 -38.404570   -0.565861   -6.620020 
 -39.577633    0.306333   -4.000249 
 -41.081193    0.288042   -1.404296 
 -41.274582    0.032123    1.578505 
 -40.267036   -1.703455    3.808443 
 -38.577778   -3.334030    5.675964 
 -37.150174   -4.500492    8.042674 
 -35.092595   -3.562974   10.014329 
 -34.879534   -1.340111   12.017699 
 -35.082313   -0.724537   12.779242 
 -35.577184   -0.645032   13.644564 
 -36.289885   -0.884152   14.304017 
 -36.495039   -1.051574   15.268315 
 -37.070534   -0.497817   16.419683