  -52.6151125128423       -39.4772075650201       -21.3689619659988     
  -54.3290440806531       -37.7926100479175       -22.6540369991104     
  -53.3510045264323       -35.9022420287291       -23.6487899928160     
  -53.3590739852820       -34.7478194714737       -25.1745863358692     
  -53.2228178964548       -33.7944153347155       -26.7151802974193     
  -52.5843609764024       -32.0511688766167       -27.9020985601834     
  -52.8394469526353       -29.9694794984555       -29.1271696362085     
  -54.0593615780545       -30.1059359280642       -30.8451958098315     
  -55.0510436947215       -32.5196624444673       -31.8315416390189     
  -54.6828058097168       -35.3264296344504       -32.3146284900313     
  -52.0743200771636       -36.7703532858618       -31.6800724476046     
  -49.6789670040256       -37.7033298762335       -30.4142853613426     
  -48.1082987387581       -36.4380099512311       -28.9199662209598     
  -47.2989993144964       -35.8164736736375       -27.2268613668066     
  -48.0030044873670       -35.5597434664958       -25.7494132520673     
  -50.1619513281812       -33.6139498879651       -25.7135471085993     
  -52.5676489462983       -32.0601639242970       -25.6377951670881     
  -55.2507529299802       -33.4021562300392       -26.1002023599574     
  -57.4234915382777       -35.4695400290795       -26.4365932925873     
  -58.6321496917295       -38.1338579841214       -26.2802676526570     
  -58.1443690944932       -40.4802653578921       -25.2024259707166     
  -55.2288846336798       -40.9475369650199       -24.9902325042286     
  -52.4364417902371       -41.7786922039460       -24.1134661855115     
  -50.6334587907288       -43.8754171485382       -23.1612071777317     
  -49.6673521310577       -44.4810211813173       -21.4664419969889     
  -48.0167051776090       -44.8346423309660       -19.8156029253039     
  -47.9442585535633       -45.1056893634068       -18.1587243063071     
  -47.4874448363705       -46.4312720245201       -16.6195928545870     
  -44.8045751225915       -47.7382591995361       -15.9867122620890     
  -41.8255312954182       -47.4390487105117       -15.5755063834685     
  -38.9427606517089       -46.9806940479552       -15.4580622858220     
  -39.3562715046334       -47.5608703124517       -17.1339280978109     
  -40.8596581800904       -48.9947000719642       -18.5854711037778     
  -42.1481176708800       -48.6772050776159       -20.2895811189276     
  -44.5708644950830       -49.1352022651257       -21.6495128975265     
  -47.4975856728769       -49.1295823224740       -22.5185872985104     
  -50.4915448571330       -49.0519670817220       -22.9408552361713     
  -52.2544530881640       -47.1655844069968       -22.4047997174642     
  -51.8285973659438       -44.1960259544622       -22.3205598013881     
  -51.9510211715000       -41.1985885321122       -22.3309987000849     
  -51.0106111430829       -38.4133081939504       -21.8389928765454     
  -51.3457948789282       -37.2118006898375       -20.3949277879555     
  -49.8980710603059       -37.6400819854931       -18.7172875385425     
  -47.5734983672421       -39.1707372998000       -17.6988081032412     
  -45.5227721960467       -40.8572563730805       -16.5752555155008     
  -43.3989679880963       -41.6458782388540       -15.1251949439199     
  -41.8361565566219       -41.7223821904779       -13.4456954241703     
  -41.0759869769799       -39.0845034736353       -12.6481393092979     
  -40.4125933896481       -37.4472743864734       -11.1984906147266     
  -38.1160525878862       -35.5466819788283       -10.6156331442979     
  -37.5030766587406       -32.7488464939437       -10.0183062626118     
  -38.3144431836542       -30.7010871033692       -9.03737087910434     
  -40.2316972391924       -28.7446776904585       -8.69553775275446     
  -41.8257139013208       -26.9315719861698       -7.99082124817012     
  -43.5459901064880       -24.4738016614966       -8.29026007844299     
  -44.7462850586080       -23.9336438810440       -9.98202735734166     
  -45.8625879648713       -22.3345457168927       -11.4301375050421     
  -47.4018240351285       -21.3623874914081       -13.0091178499344     
  -46.5223290155504       -19.3464806551568       -13.9801900291705     
  -46.1856473523650       -17.0464369958653       -14.9659872588333     
  -44.2588957676466       -14.9096226405462       -15.1003599693549     
  -41.2950737244357       -14.5682815005385       -14.4142248350455     
  -38.6826555225822       -13.5774154512627       -14.5637382129776     
  -37.0225751347977       -12.2286919681897       -15.4346508484294     
  -36.8201229553460       -9.26106451992942       -15.1848503448528     
  -35.2708967230197       -6.70259315715795       -14.7887826666531     
  -34.0038532830728       -4.14577651210911       -15.0793360901421     
  -33.5832030910532       -1.81042176366091       -16.0170804256947     
  -33.7418359689233       0.909449421611980       -16.7358983880742     
  -35.3644186440496        3.36548953743367       -16.6978959583069     
  -37.8793561922714        4.98498243066929       -17.2588838433630     
  -38.9522821976652        7.40305200459444       -18.2233940862653     
  -37.1933536944272        9.08344250412986       -18.8856821692474     
  -35.2500897014030        6.80838958540745       -18.4290869375507     
  -34.0986104135403        4.04811950049637       -18.1007839129633     
  -33.4920634440063        3.46058866141284       -16.4110552871897     
  -32.8816765962042        1.00397747457366       -15.4190492056645     
  -33.9493850306712       -1.47234641851779       -14.8800976555895     
  -36.2349680069565       -3.37462446553919       -15.0570241145138     
  -36.5815815490936       -6.20464222242430       -15.6307339112760     
  -36.1157592420622       -7.08050540672019       -15.4807886834409     
  -35.5113985078052       -7.87721309727796       -15.3750256737564     
  -35.4258197611847       -8.78226663016360       -15.1308717716345     
  -35.4974363034016       -9.63526437277509       -14.8586561288617     
  -34.8753897588240       -10.8862114405811       -14.5885276885542     
  -34.6527388654837       -12.0175137043750       -14.4688244402567     
  -34.3959484169770       -12.9194827259708       -14.1386731331001     
  -34.1046680868455       -13.3277058402293       -13.5458923833684     
  -34.0752183942268       -13.6313084788776       -13.0165047592674     
  -34.1130001964322       -13.5350358757440       -12.4754655856772     
  -34.3175044872092       -13.7332508468296       -11.9831128810762     
  -34.3879036494800       -14.1133246091985       -11.5303065475942     
  -34.4986105895519       -14.7017468560593       -11.0733721257897     
  -35.1648109807176       -15.4557319007582       -10.9068723647763     
  -35.8251251069305       -16.1489511776558       -10.8620805320596     
  -36.4381106159098       -16.8697111605632       -10.7899353483570     
  -36.9082132298240       -17.7271394425170       -10.9865001887746     
  -36.8240373473059       -20.7246597251183       -10.9233602443132     
  -37.7729555922379       -23.5643093558961       -10.9831377015280     
  -36.2534521930485       -24.8633856989474       -9.48883443159186     
  -36.6892643508220       -26.9583345854684       -8.40664067269613     
  -38.0226114093855       -29.2741308322052       -7.88661782710670     
  -38.8497984247415       -32.1290597789211       -8.25343282959088     
  -39.9208100622845       -34.0937039855632       -9.53881100067151     
  -41.2627314066622       -34.9844306582635       -11.1643194097450     
  -42.3773265872708       -37.0496736079199       -12.3859626806104     
  -43.9118073834001       -37.6253183284207       -14.0347561171116     
  -44.2831424186696       -38.4306273405078       -15.6767709278342     
  -46.0579632144458       -38.3451320386726       -17.3145096453080     
  -47.4583578151462       -38.1026227853812       -19.0112457748138     
  -50.1768890608586       -38.8326880928420       -20.0527372739019     
  -52.6151125128423       -39.4772075650201       -21.3689619659988     
  -36.1678132546836       -10.1444397561779       -14.6610269199671     
  -37.0968222003206       -10.8407361985021       -14.7901925709951     
  -38.0222195511467       -11.3296730382368       -15.0775400117619     
  -38.8546546061427       -12.0546544004312       -15.2546115191179     
  -39.3450319951995       -12.8816969565891       -15.1881328081077     
  -39.8030228178548       -13.7371053813771       -15.1341862254691     
  -40.0910275511233       -14.6478735024593       -15.0211055438065     
  -40.3159806754069       -15.3026334741978       -14.7191038781823     
  -40.8138070070276       -15.8301462129709       -14.3858646802553     
  -41.3901335143436       -16.1564122729126       -13.9823108336921     
  -42.1298608370228       -16.3326584240868       -13.7527516769871     
  -42.6945792952221       -16.4241295442609       -13.3988973924759     
  -43.3101344166301       -16.8327421252962       -13.1343851776650     
  -45.5785235791107       -17.3662391432455       -12.4866232569143     
  -47.9828563422994       -18.8355019342463       -12.3356145161783     
  -48.6538079398580       -21.3806591294059       -11.6592260420897     
  -48.7975779141030       -24.3499731394991       -11.9060274606049     
  -47.7698473333286       -26.8028144102186       -12.4925350335803     
  -46.0629851902363       -29.1819899197167       -11.8378881760004     
  -43.7178569740907       -30.7451490464134       -10.8662366448511     
  -42.2846659292650       -33.2850881647262       -10.2311131962631     
  -41.8984940751925       -36.0018885662736       -9.49685898963731     
  -41.8567991479785       -36.5870425000864       -7.86994630304100     
  -40.4081792796730       -36.6693413187469       -6.17378812277705     
  -39.9982180973962       -36.0594072933621       -4.50160850711343     
  -40.0274747927652       -34.6754544010126       -3.04141474942000     
  -40.5121964135256       -32.4439907037983       -2.05412145831922     
  -42.3732639464251       -30.0920291553621       -2.33828211432721     
  -44.7561525944132       -28.4280646383843       -2.34107155152628     
  -47.2510129478711       -26.8830020406161       -2.42952591635323     
  -49.5056170722019       -25.2218143605692       -2.22731623678616     
  -52.1071192275734       -23.8247818330355       -2.38577258953715     
  -55.0188234449444       -23.8234936802220       -2.49171316773678     
  -55.6503691916172       -26.6087838914169       -2.09540128452523     
  -56.2811357627462       -28.5692423818241       -3.40546594625290     
  -54.1093836972236       -30.1181012705082       -3.78553862590122     
  -52.9235124577627       -28.4907694783673       -4.80469007025827     
  -52.7575863566653       -26.4923873339798       -6.00441037505204     
  -53.3327329132698       -24.4986322724919       -7.29667617733666     
  -52.3553672016132       -25.5317566442328       -8.58181383471758     
  -49.9888539357005       -27.0270533688530       -8.76632177446451     
  -47.8269778267940       -27.8199774565790       -9.45095956270651     
  -44.9748227090357       -26.9802786947523       -9.17786728515608     
  -42.1211554913714       -26.1063129223814       -8.85189749942760     
  -39.3520638308867       -25.0244323198968       -8.15152735922232     
  -36.9739293378114       -24.5068619399183       -8.70578234174259     
  -35.9777737439636       -21.7311855129155       -8.83664801073073     
  -35.9584195368593       -19.6903296917360       -10.0437777483046     
  -34.9674952711547       -17.4534843100139       -10.8282206197986     
  -35.5485231281813       -16.5321006068385       -12.4675978679933     
  -36.3127200839144       -13.9927668477769       -13.3720627280155     
  -35.1005802793742       -11.3727467834376       -13.6117311575086     
  -33.7271535362294       -9.82512015838208       -14.5700165903117     
  -32.8686133282668       -7.59190862765582       -15.4178927756682     
  -31.3697649738595       -5.53433901808120       -16.0325251550435     
  -29.6125693595307       -4.35127367358566       -16.8980376718817     
  -29.3868452969116       -2.89045131575411       -18.2961796689539     
  -29.0644627448321       -2.07474661106327       -19.8198321166951     
  -29.2974488514474      -0.635811614010783       -21.3036526476244     
  -29.3410120274160        1.93100149989442       -22.1657617882329     
  -27.1021013520760        3.92782043598960       -21.7781576978106     
  -26.0051506080021        5.99408115965213       -20.5544526904836     
  -23.8856316958899        6.81945731466207       -19.1109073387900     
  -21.0545497131187        7.47625821196423       -19.0307801011288     
  -18.6783782915363        5.81677792454907       -19.0461482037345     
  -16.4935403275253        4.95822257126930       -19.6965788769008     
  -14.4619956929728        6.16586026764317       -20.3624251369464     
  -11.8732854505137        7.27687249899907       -20.4825480148044     
  -9.48207784956498        7.32294756134077       -21.0659516994131     
  -7.66634198295595        5.05398530229848       -21.1619562041276     
  -6.83704542348590        2.27289761653168       -20.6000168000907     
  -5.71096409185816       0.148667029738524       -19.4173965485279     
  -5.74113842330123       -2.51293370151997       -18.6607820685613     
  -5.77608307782392       -5.46039111749469       -18.3596774358179     
  -5.69955194355832       -7.84991003852879       -17.3487298997973     
  -5.77789398412662       -9.75661282948017       -16.0879141909649     
  -5.19417702630781       -12.6130913661500       -15.5977317841924     
  -5.50953032240975       -14.7828649832453       -16.7795408615329     
  -6.42902697064775       -13.3867990398654       -18.3100160507970     
  -5.90334322232830       -10.8039731079489       -19.0078294168149     
  -7.86423708577542       -8.62082356929334       -19.6902906997930     
  -8.48779045441601       -5.74540988947464       -20.1206616381986     
  -7.92576815865648       -3.25246359910378       -20.8885489576996     
  -7.60865073663209      -0.548688013471606       -20.1397128441287     
  -8.67535300827503       0.477380935029299       -18.8876516516118     
  -10.1477254143065        1.13421572359107       -17.7495390835732     
  -11.4792614754240        1.96261647272948       -16.5719052680454     
  -12.9789248268916        4.31382726085773       -16.2225464525917     
  -12.8417993385231        7.23352507060384       -16.5708121933393     
  -13.1543933330503        9.88399998564536       -17.3791827761329     
  -14.6302051328122        11.1173908440592       -18.9019762355640     
  -16.0537020714813        12.4066086120216       -20.4170160330510     
  -18.1256481631877        14.1969050482355       -21.4501124318143     
  -20.7056122326324        15.5721439874228       -21.5260811254128     
  -22.3235395597153        13.4594763573669       -22.5685848174196     
  -22.9860735646557        10.5337332117455       -22.6651135886664     
  -23.0193072070895        8.61756106405182       -21.4002058537116     
  -22.9587961962551        5.69287076699463       -21.0235109332014     
  -24.6978290451125        3.47298686075356       -20.7607856962416     
  -27.3288970997784        2.62038882439223       -20.5761365238836     
  -29.8380592755755        1.06517898323866       -20.7160655464990     
  -31.4893191661065      -0.910859069799490       -20.1544320672407     
  -31.2545795098118       -3.63110235821769       -19.4294904542095     
  -30.3602325420817       -6.05176429173480       -18.4325371568419     
  -30.1140444866920       -8.39509272753176       -17.3676552015085     
  -30.0243051649453       -8.81050760874104       -15.7172045268196     
  -31.8316343186908       -8.21017654809721       -14.7537178901933     
  -32.6379392742829       -8.16661884803023       -14.5684450017972     
  -33.5036991585149       -8.61612418080533       -14.5970867493808     
  -34.2932291682338       -9.19992224874271       -14.8378607242018     
  -34.8991973069389       -9.90691182026706       -14.7419441100723     
  -36.1678132546836       -10.1444397561779       -14.6610269199671     
