   400 [Snapshot of a circle]
     1   F    0.000000    0.000000    0.000000     1   400     2
     2   C    1.000000    0.000000    0.000000     1     1     3
     3   C    1.998872    0.047410    0.002848     1     2     4
     4   C    2.996854    0.110816    0.006208     1     3     5
     5   C    3.993690    0.190201    0.010079     1     4     6
     6   C    4.989125    0.285545    0.014459     1     5     7
     7   C    5.982903    0.396823    0.019348     1     6     8
     8   C    6.974767    0.524007    0.024745     1     7     9
     9   C    7.964464    0.667064    0.030648     1     8    10
    10   C    8.951739    0.825957    0.037056     1     9    11
    11   C    9.936338    1.000645    0.043966     1    10    12
    12   C   10.918009    1.191085    0.051378     1    11    13
    13   C   11.896500    1.397226    0.059289     1    12    14
    14   C   12.871558    1.619016    0.067697     1    13    15
    15   C   13.842933    1.856397    0.076600     1    14    16
    16   C   14.810377    2.109309    0.085996     1    15    17
    17   C   15.773640    2.377687    0.095883     1    16    18
    18   C   16.732475    2.661462    0.106257     1    17    19
    19   C   17.686635    2.960560    0.117117     1    18    20
    20   C   18.635876    3.274906    0.128459     1    19    21
    21   C   19.579953    3.604418    0.140280     1    20    22
    22   C   20.518625    3.949012    0.152578     1    21    23
    23   C   21.451649    4.308599    0.165349     1    22    24
    24   C   22.378787    4.683086    0.178590     1    23    25
    25   C   23.299799    5.072378    0.192298     1    24    26
    26   C   24.214449    5.476375    0.206468     1    25    27
    27   C   25.122504    5.894972    0.221099     1    26    28
    28   C   26.023727    6.328063    0.236184     1    27    29
    29   C   26.917890    6.775536    0.251722     1    28    30
    30   C   27.804762    7.237275    0.267707     1    29    31
    31   C   28.684115    7.713164    0.284137     1    30    32
    32   C   29.555722    8.203077    0.301005     1    31    33
    33   C   30.419361    8.706891    0.318309     1    32    34
    34   C   31.274809    9.224477    0.336044     1    33    35
    35   C   32.121846    9.755699    0.354204     1    34    36
    36   C   32.960255   10.300424    0.372786     1    35    37
    37   C   33.789821   10.858509    0.391785     1    36    38
    38   C   34.610330   11.429813    0.411196     1    37    39
    39   C   35.421572   12.014188    0.431013     1    38    40
    40   C   36.223338   12.611483    0.451232     1    39    41
    41   C   37.015422   13.221547    0.471848     1    40    42
    42   C   37.797621   13.844221    0.492855     1    41    43
    43   C   38.569733   14.479347    0.514248     1    42    44
    44   C   39.331562   15.126761    0.536021     1    43    45
    45   C   40.082909   15.786296    0.558169     1    44    46
    46   C   40.823583   16.457783    0.580686     1    45    47
    47   C   41.553394   17.141050    0.603567     1    46    48
    48   C   42.272153   17.835919    0.626804     1    47    49
    49   C   42.979677   18.542216    0.650394     1    48    50
    50   C   43.675783   19.259756    0.674328     1    49    51
    51   C   44.360292   19.988355    0.698602     1    50    52
    52   C   45.033030   20.727828    0.723209     1    51    53
    53   C   45.693822   21.477982    0.748143     1    52    54
    54   C   46.342499   22.238626    0.773396     1    53    55
    55   C   46.978895   23.009566    0.798964     1    54    56
    56   C   47.602846   23.790600    0.824839     1    55    57
    57   C   48.214191   24.581531    0.851014     1    56    58
    58   C   48.812775   25.382154    0.877483     1    57    59
    59   C   49.398442   26.192264    0.904240     1    58    60
    60   C   49.971042   27.011653    0.931276     1    59    61
    61   C   50.530429   27.840110    0.958586     1    60    62
    62   C   51.076457   28.677422    0.986161     1    61    63
    63   C   51.608989   29.523375    1.013996     1    62    64
    64   C   52.127886   30.377750    1.042083     1    63    65
    65   C   52.633015   31.240328    1.070415     1    64    66
    66   C   53.124247   32.110889    1.098984     1    65    67
    67   C   53.601454   32.989207    1.127784     1    66    68
    68   C   54.064516   33.875058    1.156806     1    67    69
    69   C   54.513312   34.768214    1.186043     1    68    70
    70   C   54.947727   35.668445    1.215488     1    69    71
    71   C   55.367650   36.575520    1.245133     1    70    72
    72   C   55.772974   37.489207    1.274971     1    71    73
    73   C   56.163592   38.409271    1.304994     1    72    74
    74   C   56.539406   39.335473    1.335194     1    73    75
    75   C   56.900319   40.267578    1.365564     1    74    76
    76   C   57.246238   41.205346    1.396095     1    75    77
    77   C   57.577073   42.148534    1.426780     1    76    78
    78   C   57.892742   43.096904    1.457611     1    77    79
    79   C   58.193161   44.050208    1.488580     1    78    80
    80   C   58.478254   45.008203    1.519679     1    79    81
    81   C   58.747949   45.970642    1.550900     1    80    82
    82   C   59.002175   46.937280    1.582235     1    81    83
    83   C   59.240866   47.907866    1.613676     1    82    84
    84   C   59.463963   48.882152    1.645215     1    83    85
    85   C   59.671406   49.859887    1.676843     1    84    86
    86   C   59.863144   50.840821    1.708554     1    85    87
    87   C   60.039127   51.824701    1.740338     1    86    88
    88   C   60.199310   52.811274    1.772187     1    87    89
    89   C   60.343651   53.800288    1.804094     1    88    90
    90   C   60.472114   54.791487    1.836049     1    89    91
    91   C   60.584665   55.784618    1.868045     1    90    92
    92   C   60.681276   56.779425    1.900074     1    91    93
    93   C   60.761921   57.775652    1.932127     1    92    94
    94   C   60.826580   58.773044    1.964197     1    93    95
    95   C   60.875237   59.771345    1.996274     1    94    96
    96   C   60.907879   60.770297    2.028351     1    95    97
    97   C   60.924498   61.769644    2.060419     1    96    98
    98   C   60.925088   62.769130    2.092470     1    97    99
    99   C   60.909650   63.768498    2.124496     1    98   100
   100   C   60.878189   64.767491    2.156489     1    99   101
   101   C   60.830712   65.765853    2.188440     1   100   102
   102   C   60.047816   65.536787    1.609991     1   101   103
   103   C   59.961152   65.583734    0.614860     1   102   104
   104   C   60.673826   65.538401   -0.085168     1   103   105
   105   C   61.578448   65.114520   -0.040616     1   104   106
   106   C   61.526488   66.113063   -0.026049     1   105   107
   107   C   61.458529   67.110641   -0.011249     1   106   108
   108   C   61.374591   68.106998    0.003783     1   107   109
   109   C   61.274694   69.101880    0.019041     1   108   110
   110   C   61.158865   70.095028    0.034522     1   109   111
   111   C   61.027133   71.086189    0.050222     1   110   112
   112   C   60.879531   72.075108    0.066137     1   111   113
   113   C   60.716097   73.061530    0.082262     1   112   114
   114   C   60.536874   74.045203    0.098595     1   113   115
   115   C   60.341908   75.025874    0.115129     1   114   116
   116   C   60.131248   76.003290    0.131862     1   115   117
   117   C   59.904950   76.977201    0.148788     1   116   118
   118   C   59.663070   77.947356    0.165904     1   117   119
   119   C   59.405672   78.913507    0.183205     1   118   120
   120   C   59.132821   79.875404    0.200687     1   119   121
   121   C   58.844587   80.832801    0.218345     1   120   122
   122   C   58.541045   81.785453    0.236175     1   121   123
   123   C   58.222271   82.733112    0.254171     1   122   124
   124   C   57.888349   83.675538    0.272330     1   123   125
   125   C   57.539365   84.612488    0.290647     1   124   126
   126   C   57.175407   85.543720    0.309117     1   125   127
   127   C   56.796569   86.468996    0.327735     1   126   128
   128   C   56.402949   87.388078    0.346497     1   127   129
   129   C   55.994648   88.300729    0.365397     1   128   130
   130   C   55.571769   89.206715    0.384431     1   129   131
   131   C   55.134424   90.105805    0.403595     1   130   132
   132   C   54.682723   90.997766    0.422882     1   131   133
   133   C   54.216782   91.882369    0.442288     1   132   134
   134   C   53.736722   92.759387    0.461809     1   133   135
   135   C   53.242665   93.628596    0.481438     1   134   136
   136   C   52.734739   94.489771    0.501172     1   135   137
   137   C   52.213075   95.342690    0.521005     1   136   138
   138   C   51.677805   96.187136    0.540931     1   137   139
   139   C   51.129068   97.022891    0.560946     1   138   140
   140   C   50.567004   97.849741    0.581045     1   139   141
   141   C   49.991758   98.667473    0.601222     1   140   142
   142   C   49.403479   99.475877    0.621473     1   141   143
   143   C   48.802315  100.274745    0.641791     1   142   144
   144   C   48.188424  101.063872    0.662173     1   143   145
   145   C   47.561962  101.843056    0.682612     1   144   146
   146   C   46.923089  102.612096    0.703103     1   145   147
   147   C   46.271970  103.370793    0.723642     1   146   148
   148   C   45.608774  104.118955    0.744222     1   147   149
   149   C   44.933668  104.856389    0.764839     1   148   150
   150   C   44.246829  105.582904    0.785487     1   149   151
   151   C   43.548430  106.298315    0.806161     1   150   152
   152   C   42.838653  107.002438    0.826856     1   151   153
   153   C   42.117680  107.695090    0.847566     1   152   154
   154   C   41.385694  108.376096    0.868286     1   153   155
   155   C   40.642886  109.045280    0.889010     1   154   156
   156   C   39.889446  109.702468    0.909734     1   155   157
   157   C   39.125566  110.347495    0.930452     1   156   158
   158   C   38.351443  110.980192    0.951159     1   157   159
   159   C   37.567278  111.600398    0.971849     1   158   160
   160   C   36.773270  112.207954    0.992517     1   159   161
   161   C   35.969624  112.802703    1.013158     1   160   162
   162   C   35.156545  113.384493    1.033766     1   161   163
   163   C   34.334244  113.953173    1.054336     1   162   164
   164   C   33.502931  114.508598    1.074864     1   163   165
   165   C   32.662820  115.050626    1.095342     1   164   166
   166   C   31.814127  115.579117    1.115768     1   165   167
   167   C   30.957069  116.093935    1.136134     1   166   168
   168   C   30.091868  116.594949    1.156436     1   167   169
   169   C   29.218745  117.082027    1.176668     1   168   170
   170   C   28.337924  117.555048    1.196827     1   169   171
   171   C   27.449632  118.013888    1.216905     1   170   172
   172   C   26.554097  118.458429    1.236898     1   171   173
   173   C   25.651549  118.888559    1.256802     1   172   174
   174   C   24.742220  119.304166    1.276610     1   173   175
   175   C   23.826343  119.705142    1.296318     1   174   176
   176   C   22.904155  120.091386    1.315921     1   175   177
   177   C   21.975892  120.462798    1.335413     1   176   178
   178   C   21.041791  120.819282    1.354790     1   177   179
   179   C   20.102094  121.160747    1.374047     1   178   180
   180   C   19.157041  121.487106    1.393179     1   179   181
   181   C   18.206877  121.798274    1.412180     1   180   182
   182   C   17.251843  122.094171    1.431046     1   181   183
   183   C   16.292187  122.374723    1.449772     1   182   184
   184   C   15.328154  122.639854    1.468354     1   183   185
   185   C   14.359992  122.889500    1.486786     1   184   186
   186   C   13.387950  123.123596    1.505063     1   185   187
   187   C   12.412278  123.342079    1.523182     1   186   188
   188   C   11.433226  123.544896    1.541138     1   187   189
   189   C   10.451046  123.731993    1.558925     1   188   190
   190   C    9.465990  123.903324    1.576539     1   189   191
   191   C    8.478311  124.058843    1.593976     1   190   192
   192   C    7.488262  124.198510    1.611231     1   191   193
   193   C    6.496099  124.322291    1.628300     1   192   194
   194   C    5.502077  124.430152    1.645178     1   193   195
   195   C    4.506450  124.522066    1.661862     1   194   196
   196   C    3.509474  124.598011    1.678346     1   195   197
   197   C    2.511405  124.657966    1.694627     1   196   198
   198   C    1.512501  124.701915    1.710700     1   197   199
   199   C    0.513017  124.729849    1.726561     1   198   200
   200   C   -0.486789  124.741758    1.742207     1   199   201
   201   C   -1.486662  124.737640    1.757633     1   200   202
   202   C   -2.486344  124.717497    1.772834     1   201   203
   203   C   -3.485578  124.681334    1.787809     1   202   204
   204   C   -4.484107  124.629160    1.802551     1   203   205
   205   C   -5.481675  124.560986    1.817058     1   204   206
   206   C   -6.478025  124.476834    1.831326     1   205   207
   207   C   -7.472903  124.376722    1.845352     1   206   208
   208   C   -8.466051  124.260678    1.859131     1   207   209
   209   C   -9.457216  124.128731    1.872660     1   208   210
   210   C  -10.446141  123.980915    1.885936     1   209   211
   211   C  -11.432574  123.817267    1.898955     1   210   212
   212   C  -12.416261  123.637829    1.911713     1   211   213
   213   C  -13.396949  123.442649    1.924209     1   212   214
   214   C  -14.374386  123.231775    1.936438     1   213   215
   215   C  -15.348320  123.005264    1.948397     1   214   216
   216   C  -16.318503  122.763171    1.960083     1   215   217
   217   C  -17.284684  122.505560    1.971493     1   216   218
   218   C  -18.246616  122.232497    1.982625     1   217   219
   219   C  -19.204051  121.944051    1.993475     1   218   220
   220   C  -20.156743  121.640298    2.004040     1   219   221
   221   C  -21.104448  121.321314    2.014319     1   220   222
   222   C  -22.046921  120.987183    2.024307     1   221   223
   223   C  -22.983922  120.637990    2.034004     1   222   224
   224   C  -23.915209  120.273824    2.043405     1   223   225
   225   C  -24.840542  119.894780    2.052509     1   224   226
   226   C  -25.759685  119.500954    2.061314     1   225   227
   227   C  -26.672401  119.092448    2.069817     1   226   228
   228   C  -27.578455  118.669365    2.078016     1   227   229
   229   C  -28.477616  118.231817    2.085908     1   228   230
   230   C  -29.369651  117.779914    2.093493     1   229   231
   231   C  -30.254331  117.313773    2.100767     1   230   232
   232   C  -31.131430  116.833514    2.107730     1   231   233
   233   C  -32.000722  116.339260    2.114378     1   232   234
   234   C  -32.861984  115.831137    2.120712     1   233   235
   235   C  -33.714993  115.309278    2.126728     1   234   236
   236   C  -34.559533  114.773814    2.132425     1   235   237
   237   C  -35.395384  114.224885    2.137803     1   236   238
   238   C  -36.222333  113.662631    2.142858     1   237   239
   239   C  -37.040168  113.087196    2.147591     1   238   240
   240   C  -37.848677  112.498730    2.152001     1   239   241
   241   C  -38.647653  111.897381    2.156084     1   240   242
   242   C  -39.436892  111.283306    2.159842     1   241   243
   243   C  -40.216190  110.656662    2.163273     1   242   244
   244   C  -40.985347  110.017609    2.166375     1   243   245
   245   C  -41.744164  109.366313    2.169149     1   244   246
   246   C  -42.492449  108.702940    2.171593     1   245   247
   247   C  -43.230009  108.027660    2.173707     1   246   248
   248   C  -43.956653  107.340649    2.175490     1   247   249
   249   C  -44.672194  106.642080    2.176943     1   248   250
   250   C  -45.376451  105.932135    2.178063     1   249   251
   251   C  -46.069240  105.210996    2.178852     1   250   252
   252   C  -46.750385  104.478847    2.179309     1   251   253
   253   C  -47.419711  103.735878    2.179433     1   252   254
   254   C  -48.077044  102.982278    2.179225     1   253   255
   255   C  -48.722217  102.218241    2.178686     1   254   256
   256   C  -49.355064  101.443965    2.177814     1   255   257
   257   C  -49.975422  100.659648    2.176610     1   256   258
   258   C  -50.583132   99.865490    2.175075     1   257   259
   259   C  -51.178038   99.061697    2.173209     1   258   260
   260   C  -51.759986   98.248474    2.171013     1   259   261
   261   C  -52.328828   97.426031    2.168486     1   260   262
   262   C  -52.884417   96.594579    2.165630     1   261   263
   263   C  -53.426611   95.754331    2.162445     1   262   264
   264   C  -53.955270   94.905504    2.158933     1   263   265
   265   C  -54.470258   94.048315    2.155093     1   264   266
   266   C  -54.971443   93.182985    2.150928     1   265   267
   267   C  -55.458696   92.309737    2.146437     1   266   268
   268   C  -55.931893   91.428793    2.141623     1   267   269
   269   C  -56.390911   90.540381    2.136487     1   268   270
   270   C  -56.835632   89.644729    2.131029     1   269   271
   271   C  -57.265944   88.742066    2.125252     1   270   272
   272   C  -57.681734   87.832626    2.119157     1   271   273
   273   C  -58.082896   86.916641    2.112744     1   272   274
   274   C  -58.469327   85.994348    2.106017     1   273   275
   275   C  -58.840928   85.065982    2.098976     1   274   276
   276   C  -59.197602   84.131782    2.091624     1   275   277
   277   C  -59.539259   83.191989    2.083962     1   276   278
   278   C  -59.865812   82.246842    2.075993     1   277   279
   279   C  -60.177174   81.296588    2.067718     1   278   280
   280   C  -60.473268   80.341467    2.059139     1   279   281
   281   C  -60.754018   79.381727    2.050259     1   280   282
   282   C  -61.019349   78.417614    2.041080     1   281   283
   283   C  -61.269195   77.449375    2.031605     1   282   284
   284   C  -61.503492   76.477258    2.021835     1   283   285
   285   C  -61.722178   75.501515    2.011774     1   284   286
   286   C  -61.925198   74.522395    2.001423     1   285   287
   287   C  -62.112500   73.540151    1.990786     1   286   288
   288   C  -62.284037   72.555034    1.979865     1   287   289
   289   C  -62.439763   71.567297    1.968664     1   288   290
   290   C  -62.579638   70.577194    1.957184     1   289   291
   291   C  -62.703627   69.584980    1.945429     1   290   292
   292   C  -62.811698   68.590910    1.933403     1   291   293
   293   C  -62.903822   67.595238    1.921107     1   292   294
   294   C  -62.979978   66.598222    1.908545     1   293   295
   295   C  -63.040144   65.600115    1.895721     1   294   296
   296   C  -63.084305   64.601177    1.882637     1   295   297
   297   C  -63.112452   63.601662    1.869298     1   296   298
   298   C  -63.124574   62.601828    1.855706     1   297   299
   299   C  -63.120670   61.601931    1.841865     1   298   300
   300   C  -63.100741   60.602229    1.827779     1   299   301
   301   C  -63.064791   59.602977    1.813450     1   300   302
   302   C  -63.012831   58.604435    1.798884     1   301   303
   303   C  -62.944873   57.606856    1.784083     1   302   304
   304   C  -62.860935   56.610499    1.769051     1   303   305
   305   C  -62.761038   55.615618    1.753793     1   304   306
   306   C  -61.767861   55.547107    1.848161     1   305   307
   307   C  -61.058605   55.629073    1.147991     1   306   308
   308   C  -61.085721   56.113443    0.273548     1   307   309
   309   C  -61.647128   56.894464   -0.000000     1   308   310
   310   C  -61.551105   55.899085   -0.000000     1   309   311
   311   C  -61.439141   54.905373   -0.000000     1   310   312
   312   C  -61.311264   53.913583   -0.000000     1   311   313
   313   C  -61.167507   52.923970   -0.000000     1   312   314
   314   C  -61.007907   51.936788   -0.000000     1   313   315
   315   C  -60.832505   50.952291   -0.000000     1   314   316
   316   C  -60.641346   49.970732   -0.000000     1   315   317
   317   C  -60.434480   48.992363   -0.000000     1   316   318
   318   C  -60.211959   48.017435   -0.000000     1   317   319
   319   C  -59.973841   47.046199   -0.000000     1   318   320
   320   C  -59.720186   46.078904   -0.000000     1   319   321
   321   C  -59.451061   45.115799   -0.000000     1   320   322
   322   C  -59.166533   44.157131   -0.000000     1   321   323
   323   C  -58.866676   43.203147   -0.000000     1   322   324
   324   C  -58.551568   42.254091   -0.000000     1   323   325
   325   C  -58.221289   41.310208   -0.000000     1   324   326
   326   C  -57.875924   40.371739   -0.000000     1   325   327
   327   C  -57.515562   39.438927   -0.000000     1   326   328
   328   C  -57.140295   38.512010   -0.000000     1   327   329
   329   C  -56.750220   37.591227   -0.000000     1   328   330
   330   C  -56.345436   36.676815   -0.000000     1   329   331
   331   C  -55.926049   35.769007   -0.000000     1   330   332
   332   C  -55.492165   34.868038   -0.000000     1   331   333
   333   C  -55.043896   33.974139   -0.000000     1   332   334
   334   C  -54.581358   33.087540   -0.000000     1   333   335
   335   C  -54.104669   32.208468   -0.000000     1   334   336
   336   C  -53.613951   31.337149   -0.000000     1   335   337
   337   C  -53.109332   30.473808   -0.000000     1   336   338
   338   C  -52.590939   29.618665   -0.000000     1   337   339
   339   C  -52.058907   28.771941   -0.000000     1   338   340
   340   C  -51.513372   27.933853   -0.000000     1   339   341
   341   C  -50.954474   27.104616   -0.000000     1   340   342
   342   C  -50.382358   26.284444   -0.000000     1   341   343
   343   C  -49.797169   25.473547   -0.000000     1   342   344
   344   C  -49.199059   24.672133   -0.000000     1   343   345
   345   C  -48.588180   23.880409   -0.000000     1   344   346
   346   C  -47.964690   23.098577   -0.000000     1   345   347
   347   C  -47.328749   22.326839   -0.000000     1   346   348
   348   C  -46.680521   21.565394   -0.000000     1   347   349
   349   C  -46.020171   20.814435   -0.000000     1   348   350
   350   C  -45.347871   20.074157   -0.000000     1   349   351
   351   C  -44.663791   19.344750   -0.000000     1   350   352
   352   C  -43.968108   18.626400   -0.000000     1   351   353
   353   C  -43.261002   17.919294   -0.000000     1   352   354
   354   C  -42.542652   17.223611   -0.000000     1   353   355
   355   C  -41.813245   16.539531   -0.000000     1   354   356
   356   C  -41.072967   15.867231   -0.000000     1   355   357
   357   C  -40.322008   15.206881   -0.000000     1   356   358
   358   C  -39.560562   14.558653   -0.000000     1   357   359
   359   C  -38.788825   13.922712   -0.000000     1   358   360
   360   C  -38.006993   13.299222   -0.000000     1   359   361
   361   C  -37.215269   12.688343   -0.000000     1   360   362
   362   C  -36.413855   12.090233   -0.000000     1   361   363
   363   C  -35.602958   11.505044   -0.000000     1   362   364
   364   C  -34.782786   10.932928   -0.000000     1   363   365
   365   C  -33.953549   10.374030   -0.000000     1   364   366
   366   C  -33.115461    9.828495   -0.000000     1   365   367
   367   C  -32.268737    9.296463   -0.000000     1   366   368
   368   C  -31.413594    8.778070   -0.000000     1   367   369
   369   C  -30.550253    8.273451   -0.000000     1   368   370
   370   C  -29.678934    7.782733   -0.000000     1   369   371
   371   C  -28.799862    7.306044   -0.000000     1   370   372
   372   C  -27.913263    6.843506   -0.000000     1   371   373
   373   C  -27.019364    6.395237   -0.000000     1   372   374
   374   C  -26.118395    5.961353   -0.000000     1   373   375
   375   C  -25.210587    5.541966   -0.000000     1   374   376
   376   C  -24.296175    5.137182   -0.000000     1   375   377
   377   C  -23.375392    4.747107   -0.000000     1   376   378
   378   C  -22.448475    4.371840   -0.000000     1   377   379
   379   C  -21.515663    4.011478   -0.000000     1   378   380
   380   C  -20.577194    3.666113   -0.000000     1   379   381
   381   C  -19.633311    3.335834   -0.000000     1   380   382
   382   C  -18.684255    3.020725   -0.000000     1   381   383
   383   C  -17.730271    2.720869   -0.000000     1   382   384
   384   C  -16.771603    2.436341   -0.000000     1   383   385
   385   C  -15.808498    2.167216   -0.000000     1   384   386
   386   C  -14.841203    1.913561   -0.000000     1   385   387
   387   C  -13.869967    1.675443   -0.000000     1   386   388
   388   C  -12.895039    1.452922   -0.000000     1   387   389
   389   C  -11.916670    1.246056   -0.000000     1   388   390
   390   C  -10.935111    1.054897   -0.000000     1   389   391
   391   C   -9.950614    0.879495   -0.000000     1   390   392
   392   C   -8.963432    0.719895   -0.000000     1   391   393
   393   C   -7.973819    0.576138   -0.000000     1   392   394
   394   C   -6.982029    0.448261   -0.000000     1   393   395
   395   C   -5.988317    0.336297   -0.000000     1   394   396
   396   C   -4.992938    0.240274   -0.000000     1   395   397
   397   C   -3.996147    0.160217   -0.000000     1   396   398
   398   C   -2.998202    0.096146   -0.000000     1   397   399
   399   C   -1.999358    0.048079   -0.000000     1   398   400
   400   C   -0.999872    0.016028   -0.000000     1   399     1

Detailed Info
seg 1 |dX(1.0000000000000 0.0000000000000 0.0000000000000)|    1.0000000000 X[i+1]-X    1.0000000000    0.0160286790
seg 2 |dX(0.9988720000000 0.0474100000000 0.0028480000000)|    1.0000005458 X[i+1]-X    1.0000005458    0.0475133142
seg 3 |dX(0.9979820000000 0.0634060000000 0.0033600000000)|    0.9999998414 X[i+1]-X    0.9999998414    0.0160290880
seg 4 |dX(0.9968360000000 0.0793850000000 0.0038710000000)|    0.9999994869 X[i+1]-X    0.9999994869    0.0160283671
seg 5 |dX(0.9954350000000 0.0953440000000 0.0043800000000)|    1.0000002510 X[i+1]-X    1.0000002510    0.0160286347
seg 6 |dX(0.9937780000000 0.1112780000000 0.0048890000000)|    1.0000007044 X[i+1]-X    1.0000007044    0.0160281733
seg 7 |dX(0.9918640000000 0.1271840000000 0.0053970000000)|    0.9999995460 X[i+1]-X    0.9999995460    0.0160289654
seg 8 |dX(0.9896970000000 0.1430570000000 0.0059030000000)|    1.0000001512 X[i+1]-X    1.0000001512    0.0160284008
seg 9 |dX(0.9872750000000 0.1588930000000 0.0064080000000)|    0.9999999868 X[i+1]-X    0.9999999868    0.0160282709
seg 10 |dX(0.9845990000000 0.1746880000000 0.0069100000000)|    0.9999994181 X[i+1]-X    0.9999994181    0.0160281208
seg 11 |dX(0.9816710000000 0.1904400000000 0.0074120000000)|    1.0000001418 X[i+1]-X    1.0000001418    0.0160298567
seg 12 |dX(0.9784910000000 0.2061410000000 0.0079110000000)|    1.0000006664 X[i+1]-X    1.0000006664    0.0160277289
seg 13 |dX(0.9750580000000 0.2217900000000 0.0084080000000)|    0.9999998010 X[i+1]-X    0.9999998010    0.0160290074
seg 14 |dX(0.9713750000000 0.2373810000000 0.0089030000000)|    0.9999991966 X[i+1]-X    0.9999991966    0.0160279304
seg 15 |dX(0.9674440000000 0.2529120000000 0.0093960000000)|    1.0000003288 X[i+1]-X    1.0000003288    0.0160285181
seg 16 |dX(0.9632630000000 0.2683780000000 0.0098870000000)|    1.0000000554 X[i+1]-X    1.0000000554    0.0160288615
seg 17 |dX(0.9588350000000 0.2837750000000 0.0103740000000)|    1.0000002139 X[i+1]-X    1.0000002139    0.0160286429
seg 18 |dX(0.9541600000000 0.2990980000000 0.0108600000000)|    0.9999994294 X[i+1]-X    0.9999994294    0.0160278427
seg 19 |dX(0.9492410000000 0.3143460000000 0.0113420000000)|    1.0000002624 X[i+1]-X    1.0000002624    0.0160292223
seg 20 |dX(0.9440770000000 0.3295120000000 0.0118210000000)|    0.9999996381 X[i+1]-X    0.9999996381    0.0160283941
seg 21 |dX(0.9386720000000 0.3445940000000 0.0122980000000)|    1.0000006946 X[i+1]-X    1.0000006946    0.0160285274
seg 22 |dX(0.9330240000000 0.3595870000000 0.0127710000000)|    0.9999998468 X[i+1]-X    0.9999998468    0.0160286944
seg 23 |dX(0.9271380000000 0.3744870000000 0.0132410000000)|    1.0000003541 X[i+1]-X    1.0000003541    0.0160275183
seg 24 |dX(0.9210120000000 0.3892920000000 0.0137080000000)|    0.9999996373 X[i+1]-X    0.9999996373    0.0160293323
seg 25 |dX(0.9146500000000 0.4039970000000 0.0141700000000)|    0.9999994937 X[i+1]-X    0.9999994937    0.0160290747
seg 26 |dX(0.9080550000000 0.4185970000000 0.0146310000000)|    1.0000006988 X[i+1]-X    1.0000006988    0.0160272266
seg 27 |dX(0.9012230000000 0.4330910000000 0.0150850000000)|    0.9999991336 X[i+1]-X    0.9999991336    0.0160300942
seg 28 |dX(0.8941630000000 0.4474730000000 0.0155380000000)|    1.0000004929 X[i+1]-X    1.0000004929    0.0160279857
seg 29 |dX(0.8868720000000 0.4617390000000 0.0159850000000)|    1.0000001844 X[i+1]-X    1.0000001844    0.0160275566
seg 30 |dX(0.8793530000000 0.4758890000000 0.0164300000000)|    1.0000009919 X[i+1]-X    1.0000009919    0.0160300058
seg 31 |dX(0.8716070000000 0.4899130000000 0.0168680000000)|    0.9999990197 X[i+1]-X    0.9999990197    0.0160271778
seg 32 |dX(0.8636390000000 0.5038140000000 0.0173040000000)|    1.0000001487 X[i+1]-X    1.0000001487    0.0160288064
seg 33 |dX(0.8554480000000 0.5175860000000 0.0177350000000)|    1.0000005392 X[i+1]-X    1.0000005392    0.0160297084
seg 34 |dX(0.8470370000000 0.5312220000000 0.0181600000000)|    0.9999991391 X[i+1]-X    0.9999991391    0.0160272150
seg 35 |dX(0.8384090000000 0.5447250000000 0.0185820000000)|    1.0000001338 X[i+1]-X    1.0000001338    0.0160298835
seg 36 |dX(0.8295660000000 0.5580850000000 0.0189990000000)|    0.9999997888 X[i+1]-X    0.9999997888    0.0160270913
seg 37 |dX(0.8205090000000 0.5713040000000 0.0194110000000)|    1.0000000332 X[i+1]-X    1.0000000332    0.0160295509
seg 38 |dX(0.8112420000000 0.5843750000000 0.0198170000000)|    1.0000002183 X[i+1]-X    1.0000002183    0.0160280567
seg 39 |dX(0.8017660000000 0.5972950000000 0.0202190000000)|    0.9999994219 X[i+1]-X    0.9999994219    0.0160277313
seg 40 |dX(0.7920840000000 0.6100640000000 0.0206160000000)|    1.0000000833 X[i+1]-X    1.0000000833    0.0160297137
seg 41 |dX(0.7821990000000 0.6226740000000 0.0210070000000)|    0.9999997400 X[i+1]-X    0.9999997400    0.0160275934
seg 42 |dX(0.7721120000000 0.6351260000000 0.0213930000000)|    0.9999998184 X[i+1]-X    0.9999998184    0.0160297999
seg 43 |dX(0.7618290000000 0.6474140000000 0.0217730000000)|    1.0000011881 X[i+1]-X    1.0000011881    0.0160276221
seg 44 |dX(0.7513470000000 0.6595350000000 0.0221480000000)|    0.9999996323 X[i+1]-X    0.9999996323    0.0160292507
seg 45 |dX(0.7406740000000 0.6714870000000 0.0225170000000)|    0.9999998904 X[i+1]-X    0.9999998904    0.0160282568
seg 46 |dX(0.7298110000000 0.6832670000000 0.0228810000000)|    1.0000007146 X[i+1]-X    1.0000007146    0.0160284438
seg 47 |dX(0.7187590000000 0.6948690000000 0.0232370000000)|    0.9999986927 X[i+1]-X    0.9999986927    0.0160276477
seg 48 |dX(0.7075240000000 0.7062970000000 0.0235900000000)|    1.0000010754 X[i+1]-X    1.0000010754    0.0160298027
seg 49 |dX(0.6961060000000 0.7175400000000 0.0239340000000)|    1.0000000256 X[i+1]-X    1.0000000256    0.0160280793
seg 50 |dX(0.6845090000000 0.7285990000000 0.0242740000000)|    0.9999991505 X[i+1]-X    0.9999991505    0.0160285121
seg 51 |dX(0.6727380000000 0.7394730000000 0.0246070000000)|    1.0000011194 X[i+1]-X    1.0000011194    0.0160286192
seg 52 |dX(0.6607920000000 0.7501540000000 0.0249340000000)|    0.9999993977 X[i+1]-X    0.9999993977    0.0160281930
seg 53 |dX(0.6486770000000 0.7606440000000 0.0252530000000)|    0.9999994295 X[i+1]-X    0.9999994295    0.0160287519
seg 54 |dX(0.6363960000000 0.7709400000000 0.0255680000000)|    1.0000010375 X[i+1]-X    1.0000010375    0.0160291978
seg 55 |dX(0.6239510000000 0.7810340000000 0.0258750000000)|    0.9999992376 X[i+1]-X    0.9999992376    0.0160270563
seg 56 |dX(0.6113450000000 0.7909310000000 0.0261750000000)|    0.9999998432 X[i+1]-X    0.9999998432    0.0160298965
seg 57 |dX(0.5985840000000 0.8006230000000 0.0264690000000)|    1.0000003006 X[i+1]-X    1.0000003006    0.0160271608
seg 58 |dX(0.5856670000000 0.8101100000000 0.0267570000000)|    0.9999999920 X[i+1]-X    0.9999999920    0.0160293614
seg 59 |dX(0.5726000000000 0.8193890000000 0.0270360000000)|    1.0000000193 X[i+1]-X    1.0000000193    0.0160290258
seg 60 |dX(0.5593870000000 0.8284570000000 0.0273100000000)|    1.0000003264 X[i+1]-X    1.0000003264    0.0160278657
seg 61 |dX(0.5460280000000 0.8373120000000 0.0275750000000)|    0.9999991714 X[i+1]-X    0.9999991714    0.0160296525
seg 62 |dX(0.5325320000000 0.8459530000000 0.0278350000000)|    1.0000007982 X[i+1]-X    1.0000007982    0.0160275388
seg 63 |dX(0.5188970000000 0.8543750000000 0.0280870000000)|    0.9999998084 X[i+1]-X    0.9999998084    0.0160284795
seg 64 |dX(0.5051290000000 0.8625780000000 0.0283320000000)|    0.9999994075 X[i+1]-X    0.9999994075    0.0160284984
seg 65 |dX(0.4912320000000 0.8705610000000 0.0285690000000)|    1.0000007602 X[i+1]-X    1.0000007602    0.0160286157
seg 66 |dX(0.4772070000000 0.8783180000000 0.0288000000000)|    0.9999992350 X[i+1]-X    0.9999992350    0.0160290528
seg 67 |dX(0.4630620000000 0.8858510000000 0.0290220000000)|    1.0000003433 X[i+1]-X    1.0000003433    0.0160275389
seg 68 |dX(0.4487960000000 0.8931560000000 0.0292370000000)|    1.0000001461 X[i+1]-X    1.0000001461    0.0160291416
seg 69 |dX(0.4344150000000 0.9002310000000 0.0294450000000)|    0.9999996268 X[i+1]-X    0.9999996268    0.0160286496
seg 70 |dX(0.4199230000000 0.9070750000000 0.0296450000000)|    0.9999996038 X[i+1]-X    0.9999996038    0.0160282281
seg 71 |dX(0.4053240000000 0.9136870000000 0.0298380000000)|    1.0000008926 X[i+1]-X    1.0000008926    0.0160278496
seg 72 |dX(0.3906180000000 0.9200640000000 0.0300230000000)|    1.0000007833 X[i+1]-X    1.0000007833    0.0160303419
seg 73 |dX(0.3758140000000 0.9262020000000 0.0302000000000)|    0.9999991737 X[i+1]-X    0.9999991737    0.0160271737
seg 74 |dX(0.3609130000000 0.9321050000000 0.0303700000000)|    1.0000001307 X[i+1]-X    1.0000001307    0.0160287176
seg 75 |dX(0.3459190000000 0.9377680000000 0.0305310000000)|    1.0000004592 X[i+1]-X    1.0000004592    0.0160287515
seg 76 |dX(0.3308350000000 0.9431880000000 0.0306850000000)|    0.9999984849 X[i+1]-X    0.9999984849    0.0160291279
seg 77 |dX(0.3156690000000 0.9483700000000 0.0308310000000)|    1.0000015625 X[i+1]-X    1.0000015625    0.0160277096
seg 78 |dX(0.3004190000000 0.9533040000000 0.0309690000000)|    0.9999995855 X[i+1]-X    0.9999995855    0.0160290705
seg 79 |dX(0.2850930000000 0.9579950000000 0.0310990000000)|    0.9999997932 X[i+1]-X    0.9999997932    0.0160285469
seg 80 |dX(0.2696950000000 0.9624390000000 0.0312210000000)|    0.9999994863 X[i+1]-X    0.9999994863    0.0160271054
seg 81 |dX(0.2542260000000 0.9666380000000 0.0313350000000)|    1.0000008822 X[i+1]-X    1.0000008822    0.0160293469
seg 82 |dX(0.2386910000000 0.9705860000000 0.0314410000000)|    0.9999995567 X[i+1]-X    0.9999995567    0.0160293341
seg 83 |dX(0.2230970000000 0.9742860000000 0.0315390000000)|    1.0000000949 X[i+1]-X    1.0000000949    0.0160274149
seg 84 |dX(0.2074430000000 0.9777350000000 0.0316280000000)|    0.9999993294 X[i+1]-X    0.9999993294    0.0160298748
seg 85 |dX(0.1917380000000 0.9809340000000 0.0317110000000)|    1.0000002803 X[i+1]-X    1.0000002803    0.0160278855
seg 86 |dX(0.1759830000000 0.9838800000000 0.0317840000000)|    1.0000000467 X[i+1]-X    1.0000000467    0.0160284025
seg 87 |dX(0.1601830000000 0.9865730000000 0.0318490000000)|    0.9999996183 X[i+1]-X    0.9999996183    0.0160281646
seg 88 |dX(0.1443410000000 0.9890140000000 0.0319070000000)|    1.0000005366 X[i+1]-X    1.0000005366    0.0160292317
seg 89 |dX(0.1284630000000 0.9911990000000 0.0319550000000)|    0.9999996610 X[i+1]-X    0.9999996610    0.0160278776
seg 90 |dX(0.1125510000000 0.9931310000000 0.0319960000000)|    1.0000003274 X[i+1]-X    1.0000003274    0.0160290846
seg 91 |dX(0.0966110000000 0.9948070000000 0.0320290000000)|    1.0000002547 X[i+1]-X    1.0000002547    0.0160280696
seg 92 |dX(0.0806450000000 0.9962270000000 0.0320530000000)|    0.9999996232 X[i+1]-X    0.9999996232    0.0160292128
seg 93 |dX(0.0646590000000 0.9973920000000 0.0320700000000)|    1.0000000364 X[i+1]-X    1.0000000364    0.0160285775
seg 94 |dX(0.0486570000000 0.9983010000000 0.0320770000000)|    1.0000006621 X[i+1]-X    1.0000006621    0.0160279647
seg 95 |dX(0.0326420000000 0.9989520000000 0.0320770000000)|    0.9999997662 X[i+1]-X    0.9999997662    0.0160283940
seg 96 |dX(0.0166190000000 0.9993470000000 0.0320680000000)|    0.9999994871 X[i+1]-X    0.9999994871    0.0160280481
seg 97 |dX(0.0005900000000 0.9994860000000 0.0320510000000)|    0.9999999394 X[i+1]-X    0.9999999394    0.0160297879
seg 98 |dX(-0.0154380000000 0.9993680000000 0.0320260000000)|    1.0000001980 X[i+1]-X    1.0000001980    0.0160286243
seg 99 |dX(-0.0314610000000 0.9989930000000 0.0319930000000)|    1.0000001803 X[i+1]-X    1.0000001803    0.0160275901
seg 100 |dX(-0.0474770000000 0.9983620000000 0.0319510000000)|    1.0000008075 X[i+1]-X    1.0000008075    0.0160286440
seg 101 |dX(-0.7828960000000 -0.2290660000000 -0.5784490000000)|    1.0000003124 X[i+1]-X    1.0000003124    1.7823743809
seg 102 |dX(-0.0866640000000 0.0469470000000 -0.9951310000000)|    1.0000001884 X[i+1]-X    1.0000001884    0.8857264132
seg 103 |dX(0.7126740000000 -0.0453330000000 -0.7000280000000)|    0.9999992560 X[i+1]-X    0.9999992560    0.8857246893
seg 104 |dX(0.9046220000000 -0.4238810000000 0.0445520000000)|    1.0000004729 X[i+1]-X    1.0000004729    0.8857241555
seg 105 |dX(-0.0519600000000 0.9985430000000 0.0145670000000)|    1.0000000810 X[i+1]-X    1.0000000810    2.0596547323
seg 106 |dX(-0.0679590000000 0.9975780000000 0.0148000000000)|    0.9999996659 X[i+1]-X    0.9999996659    0.0160299433
seg 107 |dX(-0.0839380000000 0.9963570000000 0.0150320000000)|    0.9999994102 X[i+1]-X    0.9999994102    0.0160274403
seg 108 |dX(-0.0998970000000 0.9948820000000 0.0152580000000)|    1.0000012055 X[i+1]-X    1.0000012055    0.0160287779
seg 109 |dX(-0.1158290000000 0.9931480000000 0.0154810000000)|    0.9999994843 X[i+1]-X    0.9999994843    0.0160278017
seg 110 |dX(-0.1317320000000 0.9911610000000 0.0157000000000)|    0.9999999689 X[i+1]-X    0.9999999689    0.0160283243
seg 111 |dX(-0.1476020000000 0.9889190000000 0.0159150000000)|    1.0000002131 X[i+1]-X    1.0000002131    0.0160291966
seg 112 |dX(-0.1634340000000 0.9864220000000 0.0161250000000)|    0.9999995250 X[i+1]-X    0.9999995250    0.0160292514
seg 113 |dX(-0.1792230000000 0.9836730000000 0.0163330000000)|    1.0000001108 X[i+1]-X    1.0000001108    0.0160280498
seg 114 |dX(-0.1949660000000 0.9806710000000 0.0165340000000)|    1.0000003623 X[i+1]-X    1.0000003623    0.0160280951
seg 115 |dX(-0.2106600000000 0.9774160000000 0.0167330000000)|    0.9999998330 X[i+1]-X    0.9999998330    0.0160294015
seg 116 |dX(-0.2262980000000 0.9739110000000 0.0169260000000)|    0.9999999551 X[i+1]-X    0.9999999551    0.0160273164
seg 117 |dX(-0.2418800000000 0.9701550000000 0.0171160000000)|    0.9999998079 X[i+1]-X    0.9999998079    0.0160295952
seg 118 |dX(-0.2573980000000 0.9661510000000 0.0173010000000)|    1.0000004049 X[i+1]-X    1.0000004049    0.0160274767
seg 119 |dX(-0.2728510000000 0.9618970000000 0.0174820000000)|    0.9999995636 X[i+1]-X    0.9999995636    0.0160290360
seg 120 |dX(-0.2882340000000 0.9573970000000 0.0176580000000)|    0.9999998297 X[i+1]-X    0.9999998297    0.0160288278
seg 121 |dX(-0.3035420000000 0.9526520000000 0.0178300000000)|    1.0000007439 X[i+1]-X    1.0000007439    0.0160276269
seg 122 |dX(-0.3187740000000 0.9476590000000 0.0179960000000)|    0.9999991497 X[i+1]-X    0.9999991497    0.0160305008
seg 123 |dX(-0.3339220000000 0.9424260000000 0.0181590000000)|    1.0000002084 X[i+1]-X    1.0000002084    0.0160274273
seg 124 |dX(-0.3489840000000 0.9369500000000 0.0183170000000)|    1.0000003236 X[i+1]-X    1.0000003236    0.0160274997
seg 125 |dX(-0.3639580000000 0.9312320000000 0.0184700000000)|    0.9999998022 X[i+1]-X    0.9999998022    0.0160295065
seg 126 |dX(-0.3788380000000 0.9252760000000 0.0186180000000)|    1.0000002682 X[i+1]-X    1.0000002682    0.0160285908
seg 127 |dX(-0.3936200000000 0.9190820000000 0.0187620000000)|    1.0000002199 X[i+1]-X    1.0000002199    0.0160280776
seg 128 |dX(-0.4083010000000 0.9126510000000 0.0189000000000)|    0.9999993822 X[i+1]-X    0.9999993822    0.0160285423
seg 129 |dX(-0.4228790000000 0.9059860000000 0.0190340000000)|    0.9999997870 X[i+1]-X    0.9999997870    0.0160300961
seg 130 |dX(-0.4373450000000 0.8990900000000 0.0191640000000)|    1.0000003680 X[i+1]-X    1.0000003680    0.0160263012
seg 131 |dX(-0.4517010000000 0.8919610000000 0.0192870000000)|    1.0000001036 X[i+1]-X    1.0000001036    0.0160292821
seg 132 |dX(-0.4659410000000 0.8846030000000 0.0194060000000)|    1.0000000380 X[i+1]-X    1.0000000380    0.0160292667
seg 133 |dX(-0.4800600000000 0.8770180000000 0.0195210000000)|    0.9999996227 X[i+1]-X    0.9999996227    0.0160280129
seg 134 |dX(-0.4940570000000 0.8692090000000 0.0196290000000)|    1.0000009513 X[i+1]-X    1.0000009513    0.0160285216
seg 135 |dX(-0.5079260000000 0.8611750000000 0.0197340000000)|    1.0000003164 X[i+1]-X    1.0000003164    0.0160284284
seg 136 |dX(-0.5216640000000 0.8529190000000 0.0198330000000)|    0.9999987487 X[i+1]-X    0.9999987487    0.0160284035
seg 137 |dX(-0.5352700000000 0.8444460000000 0.0199260000000)|    1.0000000326 X[i+1]-X    1.0000000326    0.0160290183
seg 138 |dX(-0.5487370000000 0.8357550000000 0.0200150000000)|    0.9999996577 X[i+1]-X    0.9999996577    0.0160283209
seg 139 |dX(-0.5620640000000 0.8268500000000 0.0200990000000)|    1.0000004162 X[i+1]-X    1.0000004162    0.0160287395
seg 140 |dX(-0.5752460000000 0.8177320000000 0.0201770000000)|    1.0000003478 X[i+1]-X    1.0000003478    0.0160285507
seg 141 |dX(-0.5882790000000 0.8084040000000 0.0202510000000)|    0.9999996560 X[i+1]-X    0.9999996560    0.0160275278
seg 142 |dX(-0.6011640000000 0.7988680000000 0.0203180000000)|    1.0000005287 X[i+1]-X    1.0000005287    0.0160302359
seg 143 |dX(-0.6138910000000 0.7891270000000 0.0203820000000)|    0.9999995040 X[i+1]-X    0.9999995040    0.0160272641
seg 144 |dX(-0.6264620000000 0.7791840000000 0.0204390000000)|    1.0000000480 X[i+1]-X    1.0000000480    0.0160281675
seg 145 |dX(-0.6388730000000 0.7690400000000 0.0204910000000)|    1.0000005564 X[i+1]-X    1.0000005564    0.0160294013
seg 146 |dX(-0.6511190000000 0.7586970000000 0.0205390000000)|    0.9999994702 X[i+1]-X    0.9999994702    0.0160296589
seg 147 |dX(-0.6631960000000 0.7481620000000 0.0205800000000)|    0.9999994245 X[i+1]-X    0.9999994245    0.0160264661
seg 148 |dX(-0.6751060000000 0.7374340000000 0.0206170000000)|    1.0000010381 X[i+1]-X    1.0000010381    0.0160294988
seg 149 |dX(-0.6868390000000 0.7265150000000 0.0206480000000)|    0.9999990985 X[i+1]-X    0.9999990985    0.0160279216
seg 150 |dX(-0.6983990000000 0.7154110000000 0.0206740000000)|    1.0000007382 X[i+1]-X    1.0000007382    0.0160293054
seg 151 |dX(-0.7097770000000 0.7041230000000 0.0206950000000)|    1.0000004359 X[i+1]-X    1.0000004359    0.0160275845
seg 152 |dX(-0.7209730000000 0.6926520000000 0.0207100000000)|    0.9999988820 X[i+1]-X    0.9999988820    0.0160293530
seg 153 |dX(-0.7319860000000 0.6810060000000 0.0207200000000)|    1.0000009973 X[i+1]-X    1.0000009973    0.0160287589
seg 154 |dX(-0.7428080000000 0.6691840000000 0.0207240000000)|    1.0000002174 X[i+1]-X    1.0000002174    0.0160274942
seg 155 |dX(-0.7534400000000 0.6571880000000 0.0207240000000)|    0.9999986926 X[i+1]-X    0.9999986926    0.0160296357
seg 156 |dX(-0.7638800000000 0.6450270000000 0.0207180000000)|    1.0000008603 X[i+1]-X    1.0000008603    0.0160277624
seg 157 |dX(-0.7741230000000 0.6326970000000 0.0207070000000)|    1.0000003464 X[i+1]-X    1.0000003464    0.0160297617
seg 158 |dX(-0.7841650000000 0.6202060000000 0.0206900000000)|    0.9999991529 X[i+1]-X    0.9999991529    0.0160272505
seg 159 |dX(-0.7940080000000 0.6075560000000 0.0206680000000)|    1.0000000817 X[i+1]-X    1.0000000817    0.0160285161
seg 160 |dX(-0.8036460000000 0.5947490000000 0.0206410000000)|    0.9999996586 X[i+1]-X    0.9999996586    0.0160286178
seg 161 |dX(-0.8130790000000 0.5817900000000 0.0206080000000)|    1.0000008770 X[i+1]-X    1.0000008770    0.0160288372
seg 162 |dX(-0.8223010000000 0.5686800000000 0.0205700000000)|    0.9999995010 X[i+1]-X    0.9999995010    0.0160288562
seg 163 |dX(-0.8313130000000 0.5554250000000 0.0205280000000)|    0.9999998167 X[i+1]-X    0.9999998167    0.0160286808
seg 164 |dX(-0.8401110000000 0.5420280000000 0.0204780000000)|    1.0000000968 X[i+1]-X    1.0000000968    0.0160278643
seg 165 |dX(-0.8486930000000 0.5284910000000 0.0204260000000)|    0.9999998834 X[i+1]-X    0.9999998834    0.0160283905
seg 166 |dX(-0.8570580000000 0.5148180000000 0.0203660000000)|    1.0000003812 X[i+1]-X    1.0000003812    0.0160291356
seg 167 |dX(-0.8652010000000 0.5010140000000 0.0203020000000)|    0.9999999849 X[i+1]-X    0.9999999849    0.0160271134
seg 168 |dX(-0.8731230000000 0.4870780000000 0.0202320000000)|    0.9999990425 X[i+1]-X    0.9999990425    0.0160306217
seg 169 |dX(-0.8808210000000 0.4730210000000 0.0201590000000)|    1.0000004429 X[i+1]-X    1.0000004429    0.0160271461
seg 170 |dX(-0.8882920000000 0.4588400000000 0.0200780000000)|    0.9999999745 X[i+1]-X    0.9999999745    0.0160289911
seg 171 |dX(-0.8955350000000 0.4445410000000 0.0199930000000)|    0.9999996785 X[i+1]-X    0.9999996785    0.0160292004
seg 172 |dX(-0.9025480000000 0.4301300000000 0.0199040000000)|    1.0000004392 X[i+1]-X    1.0000004392    0.0160272418
seg 173 |dX(-0.9093290000000 0.4156070000000 0.0198080000000)|    1.0000003828 X[i+1]-X    1.0000003828    0.0160285369
seg 174 |dX(-0.9158770000000 0.4009760000000 0.0197080000000)|    1.0000004185 X[i+1]-X    1.0000004185    0.0160299021
seg 175 |dX(-0.9221880000000 0.3862440000000 0.0196030000000)|    0.9999997062 X[i+1]-X    0.9999997062    0.0160273839
seg 176 |dX(-0.9282630000000 0.3714120000000 0.0194920000000)|    0.9999995045 X[i+1]-X    0.9999995045    0.0160284707
seg 177 |dX(-0.9341010000000 0.3564840000000 0.0193770000000)|    1.0000004943 X[i+1]-X    1.0000004943    0.0160295400
seg 178 |dX(-0.9396970000000 0.3414650000000 0.0192570000000)|    0.9999998150 X[i+1]-X    0.9999998150    0.0160282687
seg 179 |dX(-0.9450530000000 0.3263590000000 0.0191320000000)|    1.0000007016 X[i+1]-X    1.0000007016    0.0160280680
seg 180 |dX(-0.9501640000000 0.3111680000000 0.0190010000000)|    0.9999990946 X[i+1]-X    0.9999990946    0.0160284595
seg 181 |dX(-0.9550340000000 0.2958970000000 0.0188660000000)|    1.0000004509 X[i+1]-X    1.0000004509    0.0160294786
seg 182 |dX(-0.9596560000000 0.2805520000000 0.0187260000000)|    0.9999998631 X[i+1]-X    0.9999998631    0.0160267566
seg 183 |dX(-0.9640330000000 0.2651310000000 0.0185820000000)|    0.9999996815 X[i+1]-X    0.9999996815    0.0160309615
seg 184 |dX(-0.9681620000000 0.2496460000000 0.0184320000000)|    1.0000002611 X[i+1]-X    1.0000002611    0.0160269111
seg 185 |dX(-0.9720420000000 0.2340960000000 0.0182770000000)|    1.0000003179 X[i+1]-X    1.0000003179    0.0160276722
seg 186 |dX(-0.9756720000000 0.2184830000000 0.0181190000000)|    0.9999994855 X[i+1]-X    0.9999994855    0.0160303832
seg 187 |dX(-0.9790520000000 0.2028170000000 0.0179560000000)|    0.9999999861 X[i+1]-X    0.9999999861    0.0160274814
seg 188 |dX(-0.9821800000000 0.1870970000000 0.0177870000000)|    0.9999996086 X[i+1]-X    0.9999996086    0.0160292530
seg 189 |dX(-0.9850560000000 0.1713310000000 0.0176140000000)|    0.9999999438 X[i+1]-X    0.9999999438    0.0160272791
seg 190 |dX(-0.9876790000000 0.1555190000000 0.0174370000000)|    1.0000000077 X[i+1]-X    1.0000000077    0.0160292332
seg 191 |dX(-0.9900490000000 0.1396670000000 0.0172550000000)|    1.0000008142 X[i+1]-X    1.0000008142    0.0160293861
seg 192 |dX(-0.9921630000000 0.1237810000000 0.0170690000000)|    1.0000002526 X[i+1]-X    1.0000002526    0.0160272834
seg 193 |dX(-0.9940220000000 0.1078610000000 0.0168780000000)|    0.9999992993 X[i+1]-X    0.9999992993    0.0160294846
seg 194 |dX(-0.9956270000000 0.0919140000000 0.0166840000000)|    0.9999998312 X[i+1]-X    0.9999998312    0.0160289174
seg 195 |dX(-0.9969760000000 0.0759450000000 0.0164840000000)|    1.0000002549 X[i+1]-X    1.0000002549    0.0160272967
seg 196 |dX(-0.9980690000000 0.0599550000000 0.0162810000000)|    1.0000007009 X[i+1]-X    1.0000007009    0.0160287621
seg 197 |dX(-0.9989040000000 0.0439490000000 0.0160730000000)|    0.9999995286 X[i+1]-X    0.9999995286    0.0160292846
seg 198 |dX(-0.9994840000000 0.0279340000000 0.0158610000000)|    1.0000000730 X[i+1]-X    1.0000000730    0.0160270761
seg 199 |dX(-0.9998060000000 0.0119090000000 0.0156460000000)|    0.9999993296 X[i+1]-X    0.9999993296    0.0160298531
seg 200 |dX(-0.9998730000000 -0.0041180000000 0.0154260000000)|    1.0000004678 X[i+1]-X    1.0000004678    0.0160288231
seg 201 |dX(-0.9996820000000 -0.0201430000000 0.0152010000000)|    1.0000004560 X[i+1]-X    1.0000004560    0.0160278817
seg 202 |dX(-0.9992340000000 -0.0361630000000 0.0149750000000)|    1.0000003000 X[i+1]-X    1.0000003000    0.0160280219
seg 203 |dX(-0.9985290000000 -0.0521740000000 0.0147420000000)|    0.9999998083 X[i+1]-X    0.9999998083    0.0160283782
seg 204 |dX(-0.9975680000000 -0.0681740000000 0.0145070000000)|    1.0000000310 X[i+1]-X    1.0000000310    0.0160307296
seg 205 |dX(-0.9963500000000 -0.0841520000000 0.0142680000000)|    0.9999992287 X[i+1]-X    0.9999992287    0.0160263164
seg 206 |dX(-0.9948780000000 -0.1001120000000 0.0140260000000)|    1.0000006881 X[i+1]-X    1.0000006881    0.0160297370
seg 207 |dX(-0.9931480000000 -0.1160440000000 0.0137790000000)|    0.9999995103 X[i+1]-X    0.9999995103    0.0160277253
seg 208 |dX(-0.9911650000000 -0.1319470000000 0.0135290000000)|    1.0000005509 X[i+1]-X    1.0000005509    0.0160282775
seg 209 |dX(-0.9889250000000 -0.1478160000000 0.0132760000000)|    0.9999992388 X[i+1]-X    0.9999992388    0.0160284847
seg 210 |dX(-0.9864330000000 -0.1636480000000 0.0130190000000)|    1.0000001129 X[i+1]-X    1.0000001129    0.0160291611
seg 211 |dX(-0.9836870000000 -0.1794380000000 0.0127580000000)|    1.0000004382 X[i+1]-X    1.0000004382    0.0160292887
seg 212 |dX(-0.9806880000000 -0.1951800000000 0.0124960000000)|    1.0000001679 X[i+1]-X    1.0000001679    0.0160274312
seg 213 |dX(-0.9774370000000 -0.2108740000000 0.0122290000000)|    1.0000002406 X[i+1]-X    1.0000002406    0.0160295765
seg 214 |dX(-0.9739340000000 -0.2265110000000 0.0119590000000)|    0.9999988436 X[i+1]-X    0.9999988436    0.0160270212
seg 215 |dX(-0.9701830000000 -0.2420930000000 0.0116860000000)|    1.0000003184 X[i+1]-X    1.0000003184    0.0160296278
seg 216 |dX(-0.9661810000000 -0.2576110000000 0.0114100000000)|    0.9999996701 X[i+1]-X    0.9999996701    0.0160282877
seg 217 |dX(-0.9619320000000 -0.2730630000000 0.0111320000000)|    1.0000002480 X[i+1]-X    1.0000002480    0.0160281349
seg 218 |dX(-0.9574350000000 -0.2884460000000 0.0108500000000)|    1.0000002983 X[i+1]-X    1.0000002983    0.0160294910
seg 219 |dX(-0.9526920000000 -0.3037530000000 0.0105650000000)|    0.9999997755 X[i+1]-X    0.9999997755    0.0160276949
seg 220 |dX(-0.9477050000000 -0.3189840000000 0.0102790000000)|    1.0000006086 X[i+1]-X    1.0000006086    0.0160293708
seg 221 |dX(-0.9424730000000 -0.3341310000000 0.0099880000000)|    0.9999993205 X[i+1]-X    0.9999993205    0.0160279640
seg 222 |dX(-0.9370010000000 -0.3491930000000 0.0096970000000)|    1.0000003285 X[i+1]-X    1.0000003285    0.0160280035
seg 223 |dX(-0.9312870000000 -0.3641660000000 0.0094010000000)|    1.0000003654 X[i+1]-X    1.0000003654    0.0160291442
seg 224 |dX(-0.9253330000000 -0.3790440000000 0.0091040000000)|    0.9999991988 X[i+1]-X    0.9999991988    0.0160280635
seg 225 |dX(-0.9191430000000 -0.3938260000000 0.0088050000000)|    1.0000001504 X[i+1]-X    1.0000001504    0.0160286834
seg 226 |dX(-0.9127160000000 -0.4085060000000 0.0085030000000)|    0.9999999749 X[i+1]-X    0.9999999749    0.0160282688
seg 227 |dX(-0.9060540000000 -0.4230830000000 0.0081990000000)|    1.0000001497 X[i+1]-X    1.0000001497    0.0160302545
seg 228 |dX(-0.8991610000000 -0.4375480000000 0.0078920000000)|    1.0000005199 X[i+1]-X    1.0000005199    0.0160265170
seg 229 |dX(-0.8920350000000 -0.4519030000000 0.0075850000000)|    1.0000001474 X[i+1]-X    1.0000001474    0.0160295190
seg 230 |dX(-0.8846800000000 -0.4661410000000 0.0072740000000)|    0.9999995227 X[i+1]-X    0.9999995227    0.0160286922
seg 231 |dX(-0.8770990000000 -0.4802590000000 0.0069630000000)|    0.9999999231 X[i+1]-X    0.9999999231    0.0160278460
seg 232 |dX(-0.8692920000000 -0.4942540000000 0.0066480000000)|    0.9999998968 X[i+1]-X    0.9999998968    0.0160285385
seg 233 |dX(-0.8612620000000 -0.5081230000000 0.0063340000000)|    1.0000006677 X[i+1]-X    1.0000006677    0.0160291613
seg 234 |dX(-0.8530090000000 -0.5218590000000 0.0060160000000)|    0.9999986811 X[i+1]-X    0.9999986811    0.0160279909
seg 235 |dX(-0.8445400000000 -0.5354640000000 0.0056970000000)|    1.0000009814 X[i+1]-X    1.0000009814    0.0160289528
seg 236 |dX(-0.8358510000000 -0.5489290000000 0.0053780000000)|    0.9999994321 X[i+1]-X    0.9999994321    0.0160284777
seg 237 |dX(-0.8269490000000 -0.5622540000000 0.0050550000000)|    0.9999998811 X[i+1]-X    0.9999998811    0.0160284508
seg 238 |dX(-0.8178350000000 -0.5754350000000 0.0047330000000)|    1.0000009639 X[i+1]-X    1.0000009639    0.0160284972
seg 239 |dX(-0.8085090000000 -0.5884660000000 0.0044100000000)|    0.9999992422 X[i+1]-X    0.9999992422    0.0160278199
seg 240 |dX(-0.7989760000000 -0.6013490000000 0.0040830000000)|    0.9999999696 X[i+1]-X    0.9999999696    0.0160300471
seg 241 |dX(-0.7892390000000 -0.6140750000000 0.0037580000000)|    1.0000002137 X[i+1]-X    1.0000002137    0.0160272057
seg 242 |dX(-0.7792980000000 -0.6266440000000 0.0034310000000)|    0.9999999237 X[i+1]-X    0.9999999237    0.0160285881
seg 243 |dX(-0.7691570000000 -0.6390530000000 0.0031020000000)|    1.0000004249 X[i+1]-X    1.0000004249    0.0160292487
seg 244 |dX(-0.7588170000000 -0.6512960000000 0.0027740000000)|    0.9999987071 X[i+1]-X    0.9999987071    0.0160287228
seg 245 |dX(-0.7482850000000 -0.6633730000000 0.0024440000000)|    1.0000000757 X[i+1]-X    1.0000000757    0.0160278403
seg 246 |dX(-0.7375600000000 -0.6752800000000 0.0021140000000)|    1.0000011505 X[i+1]-X    1.0000011505    0.0160286106
seg 247 |dX(-0.7266440000000 -0.6870110000000 0.0017830000000)|    0.9999993980 X[i+1]-X    0.9999993980    0.0160277988
seg 248 |dX(-0.7155410000000 -0.6985690000000 0.0014530000000)|    0.9999998408 X[i+1]-X    0.9999998408    0.0160305512
seg 249 |dX(-0.7042570000000 -0.7099450000000 0.0011200000000)|    1.0000005397 X[i+1]-X    1.0000005397    0.0160268001
seg 250 |dX(-0.6927890000000 -0.7211390000000 0.0007890000000)|    0.9999993392 X[i+1]-X    0.9999993392    0.0160292156
seg 251 |dX(-0.6811450000000 -0.7321490000000 0.0004570000000)|    1.0000004390 X[i+1]-X    1.0000004390    0.0160286811
seg 252 |dX(-0.6693260000000 -0.7429690000000 0.0001240000000)|    1.0000001223 X[i+1]-X    1.0000001223    0.0160273954
seg 253 |dX(-0.6573330000000 -0.7536000000000 -0.0002080000000)|    0.9999998381 X[i+1]-X    0.9999998381    0.0160301574
seg 254 |dX(-0.6451730000000 -0.7640370000000 -0.0005390000000)|    1.0000005139 X[i+1]-X    1.0000005139    0.0160284603
seg 255 |dX(-0.6328470000000 -0.7742760000000 -0.0008720000000)|    0.9999997050 X[i+1]-X    0.9999997050    0.0160275927
seg 256 |dX(-0.6203580000000 -0.7843170000000 -0.0012040000000)|    0.9999993271 X[i+1]-X    0.9999993271    0.0160284988
seg 257 |dX(-0.6077100000000 -0.7941580000000 -0.0015350000000)|    1.0000003646 X[i+1]-X    1.0000003646    0.0160291087
seg 258 |dX(-0.5949060000000 -0.8037930000000 -0.0018660000000)|    0.9999999088 X[i+1]-X    0.9999999088    0.0160278081
seg 259 |dX(-0.5819480000000 -0.8132230000000 -0.0021960000000)|    0.9999999724 X[i+1]-X    0.9999999724    0.0160296318
seg 260 |dX(-0.5688420000000 -0.8224430000000 -0.0025270000000)|    1.0000000475 X[i+1]-X    1.0000000475    0.0160278099
seg 261 |dX(-0.5555890000000 -0.8314520000000 -0.0028560000000)|    0.9999998610 X[i+1]-X    0.9999998610    0.0160286573
seg 262 |dX(-0.5421940000000 -0.8402480000000 -0.0031850000000)|    1.0000005897 X[i+1]-X    1.0000005897    0.0160283894
seg 263 |dX(-0.5286590000000 -0.8488270000000 -0.0035120000000)|    0.9999999742 X[i+1]-X    0.9999999742    0.0160283421
seg 264 |dX(-0.5149880000000 -0.8571890000000 -0.0038400000000)|    1.0000001837 X[i+1]-X    1.0000001837    0.0160291088
seg 265 |dX(-0.5011850000000 -0.8653300000000 -0.0041650000000)|    0.9999998802 X[i+1]-X    0.9999998802    0.0160284060
seg 266 |dX(-0.4872530000000 -0.8732480000000 -0.0044910000000)|    0.9999988623 X[i+1]-X    0.9999988623    0.0160283326
seg 267 |dX(-0.4731970000000 -0.8809440000000 -0.0048140000000)|    1.0000004533 X[i+1]-X    1.0000004533    0.0160283984
seg 268 |dX(-0.4590180000000 -0.8884120000000 -0.0051360000000)|    0.9999998923 X[i+1]-X    0.9999998923    0.0160288540
seg 269 |dX(-0.4447210000000 -0.8956520000000 -0.0054580000000)|    0.9999995314 X[i+1]-X    0.9999995314    0.0160290718
seg 270 |dX(-0.4303120000000 -0.9026630000000 -0.0057770000000)|    1.0000011413 X[i+1]-X    1.0000011413    0.0160274916
seg 271 |dX(-0.4157900000000 -0.9094400000000 -0.0060950000000)|    0.9999997934 X[i+1]-X    0.9999997934    0.0160288052
seg 272 |dX(-0.4011620000000 -0.9159850000000 -0.0064130000000)|    1.0000002985 X[i+1]-X    1.0000002985    0.0160287869
seg 273 |dX(-0.3864310000000 -0.9222930000000 -0.0067270000000)|    0.9999992741 X[i+1]-X    0.9999992741    0.0160280201
seg 274 |dX(-0.3716010000000 -0.9283660000000 -0.0070410000000)|    1.0000001544 X[i+1]-X    1.0000001544    0.0160285518
seg 275 |dX(-0.3566740000000 -0.9342000000000 -0.0073520000000)|    1.0000000171 X[i+1]-X    1.0000000171    0.0160297556
seg 276 |dX(-0.3416570000000 -0.9397930000000 -0.0076620000000)|    0.9999995474 X[i+1]-X    0.9999995474    0.0160279022
seg 277 |dX(-0.3265530000000 -0.9451470000000 -0.0079690000000)|    1.0000016092 X[i+1]-X    1.0000016092    0.0160279624
seg 278 |dX(-0.3113620000000 -0.9502540000000 -0.0082750000000)|    0.9999987176 X[i+1]-X    0.9999987176    0.0160295657
seg 279 |dX(-0.2960940000000 -0.9551210000000 -0.0085790000000)|    1.0000006904 X[i+1]-X    1.0000006904    0.0160280247
seg 280 |dX(-0.2807500000000 -0.9597400000000 -0.0088800000000)|    1.0000001422 X[i+1]-X    1.0000001422    0.0160271452
seg 281 |dX(-0.2653310000000 -0.9641130000000 -0.0091790000000)|    0.9999993352 X[i+1]-X    0.9999993352    0.0160300882
seg 282 |dX(-0.2498460000000 -0.9682390000000 -0.0094750000000)|    0.9999997802 X[i+1]-X    0.9999997802    0.0160281766
seg 283 |dX(-0.2342970000000 -0.9721170000000 -0.0097700000000)|    1.0000009994 X[i+1]-X    1.0000009994    0.0160281817
seg 284 |dX(-0.2186860000000 -0.9757430000000 -0.0100610000000)|    0.9999995962 X[i+1]-X    0.9999995962    0.0160293863
seg 285 |dX(-0.2030200000000 -0.9791200000000 -0.0103510000000)|    1.0000001190 X[i+1]-X    1.0000001190    0.0160286418
seg 286 |dX(-0.1873020000000 -0.9822440000000 -0.0106370000000)|    0.9999992303 X[i+1]-X    0.9999992303    0.0160281740
seg 287 |dX(-0.1715370000000 -0.9851170000000 -0.0109210000000)|    0.9999998571 X[i+1]-X    0.9999998571    0.0160273436
seg 288 |dX(-0.1557260000000 -0.9877370000000 -0.0112010000000)|    1.0000002153 X[i+1]-X    1.0000002153    0.0160292234
seg 289 |dX(-0.1398750000000 -0.9901030000000 -0.0114800000000)|    1.0000003783 X[i+1]-X    1.0000003783    0.0160292029
seg 290 |dX(-0.1239890000000 -0.9922140000000 -0.0117550000000)|    1.0000000370 X[i+1]-X    1.0000000370    0.0160281732
seg 291 |dX(-0.1080710000000 -0.9940700000000 -0.0120260000000)|    0.9999995653 X[i+1]-X    0.9999995653    0.0160283032
seg 292 |dX(-0.0921240000000 -0.9956720000000 -0.0122960000000)|    1.0000003773 X[i+1]-X    1.0000003773    0.0160297108
seg 293 |dX(-0.0761560000000 -0.9970160000000 -0.0125620000000)|    0.9999992222 X[i+1]-X    0.9999992222    0.0160268436
seg 294 |dX(-0.0601660000000 -0.9981070000000 -0.0128240000000)|    1.0000009930 X[i+1]-X    1.0000009930    0.0160294875
seg 295 |dX(-0.0441610000000 -0.9989380000000 -0.0130840000000)|    0.9999992564 X[i+1]-X    0.9999992564    0.0160288371
seg 296 |dX(-0.0281470000000 -0.9995150000000 -0.0133390000000)|    1.0000002089 X[i+1]-X    1.0000002089    0.0160265961
seg 297 |dX(-0.0121220000000 -0.9998340000000 -0.0135920000000)|    0.9999998565 X[i+1]-X    0.9999998565    0.0160303425
seg 298 |dX(0.0039040000000 -0.9998970000000 -0.0138410000000)|    1.0000004126 X[i+1]-X    1.0000004126    0.0160282275
seg 299 |dX(0.0199290000000 -0.9997020000000 -0.0140860000000)|    0.9999998346 X[i+1]-X    0.9999998346    0.0160282286
seg 300 |dX(0.0359500000000 -0.9992520000000 -0.0143290000000)|    1.0000011411 X[i+1]-X    1.0000011411    0.0160293243
seg 301 |dX(0.0519600000000 -0.9985420000000 -0.0145660000000)|    0.9999990679 X[i+1]-X    0.9999990679    0.0160276577
seg 302 |dX(0.0679580000000 -0.9975790000000 -0.0148010000000)|    1.0000006103 X[i+1]-X    1.0000006103    0.0160288546
seg 303 |dX(0.0839380000000 -0.9963570000000 -0.0150320000000)|    0.9999994102 X[i+1]-X    0.9999994102    0.0160284915
seg 304 |dX(0.0998970000000 -0.9948810000000 -0.0152580000000)|    1.0000002107 X[i+1]-X    1.0000002107    0.0160288780
seg 305 |dX(0.9931770000000 -0.0685110000000 0.0943680000000)|    0.9999998149 X[i+1]-X    0.9999998149    1.4040894112
seg 306 |dX(0.7092560000000 0.0819660000000 -0.7001700000000)|    1.0000002638 X[i+1]-X    1.0000002638    0.8857259884
seg 307 |dX(-0.0271160000000 0.4843700000000 -0.8744430000000)|    1.0000000673 X[i+1]-X    1.0000000673    0.8857250196
seg 308 |dX(-0.5614070000000 0.7810210000000 -0.2735480000000)|    1.0000000652 X[i+1]-X    1.0000000652    0.8857249262
seg 309 |dX(0.0960230000000 -0.9953790000000 0.0000000000000)|    0.9999998851 X[i+1]-X    0.9999998851    2.5522746601
seg 310 |dX(0.1119640000000 -0.9937120000000 0.0000000000000)|    0.9999997381 X[i+1]-X    0.9999997381    0.0160280993
seg 311 |dX(0.1278770000000 -0.9917900000000 0.0000000000000)|    0.9999999656 X[i+1]-X    0.9999999656    0.0160288250
seg 312 |dX(0.1437570000000 -0.9896130000000 0.0000000000000)|    0.9999999824 X[i+1]-X    0.9999999824    0.0160287006
seg 313 |dX(0.1596000000000 -0.9871820000000 0.0000000000000)|    1.0000002306 X[i+1]-X    1.0000002306    0.0160285949
seg 314 |dX(0.1754020000000 -0.9844970000000 0.0000000000000)|    1.0000001023 X[i+1]-X    1.0000001023    0.0160286570
seg 315 |dX(0.1911590000000 -0.9815590000000 0.0000000000000)|    0.9999999169 X[i+1]-X    0.9999999169    0.0160287363
seg 316 |dX(0.2068660000000 -0.9783690000000 0.0000000000000)|    0.9999997211 X[i+1]-X    0.9999997211    0.0160278365
seg 317 |dX(0.2225210000000 -0.9749280000000 0.0000000000000)|    1.0000001003 X[i+1]-X    1.0000001003    0.0160288818
seg 318 |dX(0.2381180000000 -0.9712360000000 0.0000000000000)|    0.9999997748 X[i+1]-X    0.9999997748    0.0160281878
seg 319 |dX(0.2536550000000 -0.9672950000000 0.0000000000000)|    1.0000002380 X[i+1]-X    1.0000002380    0.0160292030
seg 320 |dX(0.2691250000000 -0.9631050000000 0.0000000000000)|    0.9999997533 X[i+1]-X    0.9999997533    0.0160275544
seg 321 |dX(0.2845280000000 -0.9586680000000 0.0000000000000)|    1.0000002585 X[i+1]-X    1.0000002585    0.0160295002
seg 322 |dX(0.2998570000000 -0.9539840000000 0.0000000000000)|    0.9999998464 X[i+1]-X    0.9999998464    0.0160288356
seg 323 |dX(0.3151080000000 -0.9490560000000 0.0000000000000)|    1.0000001714 X[i+1]-X    1.0000001714    0.0160275912
seg 324 |dX(0.3302790000000 -0.9438830000000 0.0000000000000)|    0.9999996678 X[i+1]-X    0.9999996678    0.0160288712
seg 325 |dX(0.3453650000000 -0.9384690000000 0.0000000000000)|    1.0000005236 X[i+1]-X    1.0000005236    0.0160282327
seg 326 |dX(0.3603620000000 -0.9328120000000 0.0000000000000)|    0.9999994992 X[i+1]-X    0.9999994992    0.0160286354
seg 327 |dX(0.3752670000000 -0.9269170000000 0.0000000000000)|    1.0000002231 X[i+1]-X    1.0000002231    0.0160285876
seg 328 |dX(0.3900750000000 -0.9207830000000 0.0000000000000)|    0.9999999194 X[i+1]-X    0.9999999194    0.0160283587
seg 329 |dX(0.4047840000000 -0.9144120000000 0.0000000000000)|    0.9999996962 X[i+1]-X    0.9999996962    0.0160296576
seg 330 |dX(0.4193870000000 -0.9078080000000 0.0000000000000)|    1.0000004103 X[i+1]-X    1.0000004103    0.0160270364
seg 331 |dX(0.4338840000000 -0.9009690000000 0.0000000000000)|    1.0000002322 X[i+1]-X    1.0000002322    0.0160293564
seg 332 |dX(0.4482690000000 -0.8938990000000 0.0000000000000)|    1.0000002593 X[i+1]-X    1.0000002593    0.0160286774
seg 333 |dX(0.4625380000000 -0.8865990000000 0.0000000000000)|    0.9999995941 X[i+1]-X    0.9999995941    0.0160280971
seg 334 |dX(0.4766890000000 -0.8790720000000 0.0000000000000)|    0.9999999920 X[i+1]-X    0.9999999920    0.0160284789
seg 335 |dX(0.4907180000000 -0.8713190000000 0.0000000000000)|    1.0000004776 X[i+1]-X    1.0000004776    0.0160289497
seg 336 |dX(0.5046190000000 -0.8633410000000 0.0000000000000)|    0.9999990087 X[i+1]-X    0.9999990087    0.0160278481
seg 337 |dX(0.5183930000000 -0.8551430000000 0.0000000000000)|    1.0000004264 X[i+1]-X    1.0000004264    0.0160292210
seg 338 |dX(0.5320320000000 -0.8467240000000 0.0000000000000)|    0.9999997906 X[i+1]-X    0.9999997906    0.0160283289
seg 339 |dX(0.5455350000000 -0.8380880000000 0.0000000000000)|    0.9999999660 X[i+1]-X    0.9999999660    0.0160286328
seg 340 |dX(0.5588980000000 -0.8292370000000 0.0000000000000)|    1.0000004883 X[i+1]-X    1.0000004883    0.0160285793
seg 341 |dX(0.5721160000000 -0.8201720000000 0.0000000000000)|    0.9999994135 X[i+1]-X    0.9999994135    0.0160279529
seg 342 |dX(0.5851890000000 -0.8108970000000 0.0000000000000)|    1.0000000552 X[i+1]-X    1.0000000552    0.0160291794
seg 343 |dX(0.5981100000000 -0.8014140000000 0.0000000000000)|    0.9999999857 X[i+1]-X    0.9999999857    0.0160276330
seg 344 |dX(0.6108790000000 -0.7917240000000 0.0000000000000)|    1.0000000224 X[i+1]-X    1.0000000224    0.0160296276
seg 345 |dX(0.6234900000000 -0.7818320000000 0.0000000000000)|    1.0000005282 X[i+1]-X    1.0000005282    0.0160279238
seg 346 |dX(0.6359410000000 -0.7717380000000 0.0000000000000)|    1.0000002481 X[i+1]-X    1.0000002481    0.0160287722
seg 347 |dX(0.6482280000000 -0.7614450000000 0.0000000000000)|    0.9999990140 X[i+1]-X    0.9999990140    0.0160287837
seg 348 |dX(0.6603500000000 -0.7509590000000 0.0000000000000)|    1.0000007711 X[i+1]-X    1.0000007711    0.0160282448
seg 349 |dX(0.6723000000000 -0.7402780000000 0.0000000000000)|    0.9999994036 X[i+1]-X    0.9999994036    0.0160278418
seg 350 |dX(0.6840800000000 -0.7294070000000 0.0000000000000)|    1.0000000090 X[i+1]-X    1.0000000090    0.0160297440
seg 351 |dX(0.6956830000000 -0.7183500000000 0.0000000000000)|    1.0000007795 X[i+1]-X    1.0000007795    0.0160278556
seg 352 |dX(0.7071060000000 -0.7071060000000 0.0000000000000)|    0.9999988952 X[i+1]-X    0.9999988952    0.0160286632
seg 353 |dX(0.7183500000000 -0.6956830000000 0.0000000000000)|    1.0000007795 X[i+1]-X    1.0000007795    0.0160286632
seg 354 |dX(0.7294070000000 -0.6840800000000 0.0000000000000)|    1.0000000090 X[i+1]-X    1.0000000090    0.0160278556
seg 355 |dX(0.7402780000000 -0.6723000000000 0.0000000000000)|    0.9999994036 X[i+1]-X    0.9999994036    0.0160297440
seg 356 |dX(0.7509590000000 -0.6603500000000 0.0000000000000)|    1.0000007711 X[i+1]-X    1.0000007711    0.0160278418
seg 357 |dX(0.7614460000000 -0.6482280000000 0.0000000000000)|    0.9999997754 X[i+1]-X    0.9999997754    0.0160288931
seg 358 |dX(0.7717370000000 -0.6359410000000 0.0000000000000)|    0.9999994763 X[i+1]-X    0.9999994763    0.0160274995
seg 359 |dX(0.7818320000000 -0.6234900000000 0.0000000000000)|    1.0000005282 X[i+1]-X    1.0000005282    0.0160294081
seg 360 |dX(0.7917240000000 -0.6108790000000 0.0000000000000)|    1.0000000224 X[i+1]-X    1.0000000224    0.0160279238
seg 361 |dX(0.8014140000000 -0.5981100000000 0.0000000000000)|    0.9999999857 X[i+1]-X    0.9999999857    0.0160296276
seg 362 |dX(0.8108970000000 -0.5851890000000 0.0000000000000)|    1.0000000552 X[i+1]-X    1.0000000552    0.0160276330
seg 363 |dX(0.8201720000000 -0.5721160000000 0.0000000000000)|    0.9999994135 X[i+1]-X    0.9999994135    0.0160291794
seg 364 |dX(0.8292370000000 -0.5588980000000 0.0000000000000)|    1.0000004883 X[i+1]-X    1.0000004883    0.0160279529
seg 365 |dX(0.8380880000000 -0.5455350000000 0.0000000000000)|    0.9999999660 X[i+1]-X    0.9999999660    0.0160285793
seg 366 |dX(0.8467240000000 -0.5320320000000 0.0000000000000)|    0.9999997906 X[i+1]-X    0.9999997906    0.0160286328
seg 367 |dX(0.8551430000000 -0.5183930000000 0.0000000000000)|    1.0000004264 X[i+1]-X    1.0000004264    0.0160283289
seg 368 |dX(0.8633410000000 -0.5046190000000 0.0000000000000)|    0.9999990087 X[i+1]-X    0.9999990087    0.0160292210
seg 369 |dX(0.8713190000000 -0.4907180000000 0.0000000000000)|    1.0000004776 X[i+1]-X    1.0000004776    0.0160278481
seg 370 |dX(0.8790720000000 -0.4766890000000 0.0000000000000)|    0.9999999920 X[i+1]-X    0.9999999920    0.0160289497
seg 371 |dX(0.8865990000000 -0.4625380000000 0.0000000000000)|    0.9999995941 X[i+1]-X    0.9999995941    0.0160284789
seg 372 |dX(0.8938990000000 -0.4482690000000 0.0000000000000)|    1.0000002593 X[i+1]-X    1.0000002593    0.0160280971
seg 373 |dX(0.9009690000000 -0.4338840000000 0.0000000000000)|    1.0000002322 X[i+1]-X    1.0000002322    0.0160286774
seg 374 |dX(0.9078080000000 -0.4193870000000 0.0000000000000)|    1.0000004103 X[i+1]-X    1.0000004103    0.0160293564
seg 375 |dX(0.9144120000000 -0.4047840000000 0.0000000000000)|    0.9999996962 X[i+1]-X    0.9999996962    0.0160270364
seg 376 |dX(0.9207830000000 -0.3900750000000 0.0000000000000)|    0.9999999194 X[i+1]-X    0.9999999194    0.0160296576
seg 377 |dX(0.9269170000000 -0.3752670000000 0.0000000000000)|    1.0000002231 X[i+1]-X    1.0000002231    0.0160283587
seg 378 |dX(0.9328120000000 -0.3603620000000 0.0000000000000)|    0.9999994992 X[i+1]-X    0.9999994992    0.0160285876
seg 379 |dX(0.9384690000000 -0.3453650000000 0.0000000000000)|    1.0000005236 X[i+1]-X    1.0000005236    0.0160286354
seg 380 |dX(0.9438830000000 -0.3302790000000 0.0000000000000)|    0.9999996678 X[i+1]-X    0.9999996678    0.0160282327
seg 381 |dX(0.9490560000000 -0.3151090000000 0.0000000000000)|    1.0000004865 X[i+1]-X    1.0000004865    0.0160279221
seg 382 |dX(0.9539840000000 -0.2998560000000 0.0000000000000)|    0.9999995465 X[i+1]-X    0.9999995465    0.0160294942
seg 383 |dX(0.9586680000000 -0.2845280000000 0.0000000000000)|    1.0000002585 X[i+1]-X    1.0000002585    0.0160278816
seg 384 |dX(0.9631050000000 -0.2691250000000 0.0000000000000)|    0.9999997533 X[i+1]-X    0.9999997533    0.0160295002
seg 385 |dX(0.9672950000000 -0.2536550000000 0.0000000000000)|    1.0000002380 X[i+1]-X    1.0000002380    0.0160275544
seg 386 |dX(0.9712360000000 -0.2381180000000 0.0000000000000)|    0.9999997748 X[i+1]-X    0.9999997748    0.0160292030
seg 387 |dX(0.9749280000000 -0.2225210000000 0.0000000000000)|    1.0000001003 X[i+1]-X    1.0000001003    0.0160281878
seg 388 |dX(0.9783690000000 -0.2068660000000 0.0000000000000)|    0.9999997211 X[i+1]-X    0.9999997211    0.0160288818
seg 389 |dX(0.9815590000000 -0.1911590000000 0.0000000000000)|    0.9999999169 X[i+1]-X    0.9999999169    0.0160278365
seg 390 |dX(0.9844970000000 -0.1754020000000 0.0000000000000)|    1.0000001023 X[i+1]-X    1.0000001023    0.0160287363
seg 391 |dX(0.9871820000000 -0.1596000000000 0.0000000000000)|    1.0000002306 X[i+1]-X    1.0000002306    0.0160286570
seg 392 |dX(0.9896130000000 -0.1437570000000 0.0000000000000)|    0.9999999824 X[i+1]-X    0.9999999824    0.0160285949
seg 393 |dX(0.9917900000000 -0.1278770000000 0.0000000000000)|    0.9999999656 X[i+1]-X    0.9999999656    0.0160287006
seg 394 |dX(0.9937120000000 -0.1119640000000 0.0000000000000)|    0.9999997381 X[i+1]-X    0.9999997381    0.0160288250
seg 395 |dX(0.9953790000000 -0.0960230000000 0.0000000000000)|    0.9999998851 X[i+1]-X    0.9999998851    0.0160280993
seg 396 |dX(0.9967910000000 -0.0800570000000 0.0000000000000)|    1.0000007105 X[i+1]-X    1.0000007105    0.0160284824
seg 397 |dX(0.9979450000000 -0.0640710000000 0.0000000000000)|    0.9999996580 X[i+1]-X    0.9999996580    0.0160277670
seg 398 |dX(0.9988440000000 -0.0480670000000 0.0000000000000)|    0.9999998864 X[i+1]-X    0.9999998864    0.0160294053
seg 399 |dX(0.9994860000000 -0.0320510000000 0.0000000000000)|    0.9999997654 X[i+1]-X    0.9999997654    0.0160290365
seg 400 |dX(0.9998720000000 -0.0160280000000 0.0000000000000)|    1.0000004566 X[i+1]-X        --------    0.0160278185
